1.317500000000000095e-03
1.264374999999999874e-03
1.455624999999999888e-03
1.731875000000000124e-03
1.901874999999999920e-03
2.103749999999999717e-03
2.231249999999999727e-03
2.241874999999999944e-03
2.443749999999999742e-03
2.709374999999999544e-03
2.815624999999999985e-03
2.921874999999999559e-03
3.070624999999999570e-03
3.028125000000000001e-03
3.091874999999999572e-03
3.293749999999999803e-03
3.378749999999999809e-03
3.495624999999999601e-03
3.527499999999999820e-03
3.665624999999999613e-03
3.676250000000000264e-03
3.846249999999999409e-03
3.856875000000000060e-03
3.846249999999999409e-03
3.867499999999999410e-03
3.952500000000000284e-03
3.994999999999999420e-03
1.115624999999999863e-03
9.360624999999999155e-03
9.243749999999999580e-04
1.147499999999999866e-03
1.264374999999999874e-03
1.444999999999999887e-03
1.519375000000000109e-03
1.508749999999999892e-03
1.668124999999999903e-03
1.753124999999999909e-03
1.848749999999999916e-03
1.859374999999999917e-03
2.061250000000000148e-03
2.029374999999999929e-03
2.093124999999999934e-03
2.124999999999999719e-03
2.209999999999999725e-03
2.326874999999999950e-03
2.390624999999999955e-03
2.465000000000000177e-03
2.539374999999999966e-03
2.496874999999999963e-03
2.571250000000000185e-03
2.592499999999999753e-03
2.592499999999999753e-03
3.304374999999999587e-03
3.314999999999999804e-03
3.453125000000000031e-03
3.591249999999999824e-03
3.697499999999999832e-03
4.122500000000000296e-03
4.101249999999999861e-03
4.037499999999999423e-03
1.167687499999999975e-02
1.179374999999999868e-02
1.170874999999999867e-02
1.185749999999999998e-02
1.189999999999999912e-02
1.204875000000000043e-02
1.181499999999999911e-02
1.182562500000000107e-02
1.177249999999999998e-02
1.195312499999999847e-02
1.185749999999999998e-02
1.186812500000000020e-02
1.187874999999999868e-02
1.204875000000000043e-02
1.202750000000000000e-02
1.202750000000000000e-02
2.826250000000000203e-03
2.188749999999999724e-03
2.061250000000000148e-03
2.156874999999999938e-03
2.178124999999999940e-03
2.114374999999999935e-03
2.040000000000000147e-03
2.071874999999999932e-03
2.071874999999999932e-03
1.848749999999999916e-03
1.827499999999999698e-03
1.742500000000000125e-03
1.763749999999999910e-03
1.699999999999999905e-03
1.710624999999999906e-03
1.381249999999999882e-03
1.455624999999999888e-03
1.413125000000000102e-03
1.285625000000000092e-03
1.191062500000000107e-02
6.481249999999999381e-04
7.331249999999999442e-04
6.587500000000000473e-04
7.224999999999999435e-04
7.331249999999999442e-04
8.606249999999998450e-04
9.243749999999999580e-04
9.987499999999998549e-04
1.051874999999999859e-03
1.009374999999999856e-03
1.243124999999999872e-03
1.274999999999999875e-03
1.413125000000000102e-03
1.381249999999999882e-03
1.455624999999999888e-03
1.678749999999999904e-03
1.593749999999999898e-03
1.508749999999999892e-03
1.614999999999999899e-03
1.657499999999999902e-03
1.721249999999999690e-03
1.827499999999999698e-03
1.742500000000000125e-03
1.721249999999999690e-03
1.763749999999999910e-03
1.891249999999999919e-03
1.795624999999999912e-03
2.284374999999999947e-03
2.348124999999999952e-03
2.358750000000000169e-03
1.016812500000000008e-02
1.017875000000000030e-02
1.004062499999999920e-02
1.001937499999999877e-02
1.001937499999999877e-02
1.001937499999999877e-02
1.005124999999999942e-02
1.005124999999999942e-02
1.006187499999999964e-02
1.004062499999999920e-02
1.008312500000000007e-02
1.006187499999999964e-02
1.232500000000000089e-02
1.019999999999999900e-02
1.130500000000000081e-02
1.141124999999999778e-02
1.139000000000000082e-02
1.140062499999999930e-02
1.142187499999999974e-02
1.143249999999999995e-02
1.144312500000000017e-02
1.075249999999999817e-02
1.076312500000000012e-02
1.079499999999999904e-02
1.077374999999999861e-02
1.077374999999999861e-02
1.071000000000000077e-02
1.080562499999999926e-02
1.080562499999999926e-02
1.055062499999999924e-02
1.144312500000000017e-02
3.485000000000000250e-03
3.421249999999999812e-03
8.266249999999999293e-03
1.955000000000000140e-03
1.923124999999999704e-03
1.869999999999999917e-03
1.986874999999999926e-03
1.986874999999999926e-03
1.880624999999999918e-03
1.891249999999999919e-03
1.880624999999999918e-03
1.880624999999999918e-03
1.848749999999999916e-03
1.901874999999999920e-03
1.901874999999999920e-03
1.869999999999999917e-03
1.848749999999999916e-03
1.827499999999999698e-03
1.816874999999999914e-03
1.965624999999999924e-03
2.528749999999999748e-03
1.163437500000000062e-02
3.527499999999999820e-03
3.538124999999999604e-03
3.569999999999999823e-03
1.017875000000000030e-02
1.043375000000000032e-02
1.043375000000000032e-02
1.035937499999999879e-02
1.039124999999999945e-02
1.040187500000000140e-02
9.541249999999999384e-03
1.034874999999999858e-02
1.050812499999999837e-02
8.850624999999999118e-03
1.459875000000000062e-02
1.048687499999999967e-02
1.026375000000000030e-02
9.328750000000000236e-03
9.179999999999998925e-03
1.113499999999999907e-02
1.216562499999999936e-02
7.841249999999999262e-03
8.213124999999999939e-03
3.187500000000000229e-05
1.986874999999999926e-03
1.869999999999999917e-03
1.806249999999999913e-03
1.699999999999999905e-03
1.466249999999999888e-03
1.349374999999999880e-03
1.317500000000000095e-03
1.317500000000000095e-03
1.349374999999999880e-03
1.466249999999999888e-03
1.487499999999999890e-03
1.455624999999999888e-03
1.444999999999999887e-03
1.519375000000000109e-03
1.806249999999999913e-03
1.976250000000000142e-03
2.443749999999999742e-03
2.518124999999999964e-03
1.000874999999999855e-02
1.058249999999999989e-02
1.010437499999999877e-02
1.008312500000000007e-02
1.057187499999999968e-02
1.203812499999999848e-02
9.987499999999998549e-04
1.051874999999999859e-03
1.179375000000000085e-03
1.381249999999999882e-03
1.508749999999999892e-03
1.530000000000000110e-03
1.604374999999999898e-03
1.699999999999999905e-03
1.774374999999999911e-03
1.848749999999999916e-03
1.859374999999999917e-03
1.912499999999999921e-03
2.008124999999999927e-03
1.912499999999999921e-03
2.029374999999999929e-03
2.135624999999999937e-03
2.167500000000000156e-03
2.294999999999999731e-03
2.167500000000000156e-03
2.167500000000000156e-03
2.178124999999999940e-03
2.135624999999999937e-03
2.220624999999999943e-03
2.178124999999999940e-03
2.124999999999999719e-03
2.178124999999999940e-03
2.114374999999999935e-03
2.199374999999999941e-03
2.103749999999999717e-03
2.082500000000000150e-03
1.965624999999999924e-03
2.071874999999999932e-03
2.124999999999999719e-03
1.955000000000000140e-03
1.965624999999999924e-03
1.891249999999999919e-03
1.965624999999999924e-03
1.891249999999999919e-03
1.827499999999999698e-03
1.710624999999999906e-03
1.593749999999999898e-03
1.710624999999999906e-03
1.572499999999999896e-03
1.572499999999999896e-03
1.508749999999999892e-03
1.413125000000000102e-03
1.317500000000000095e-03
1.115624999999999863e-03
1.306874999999999877e-03
1.306874999999999877e-03
1.444999999999999887e-03
1.444999999999999887e-03
1.763749999999999910e-03
1.774374999999999911e-03
2.029374999999999929e-03
2.209999999999999725e-03
2.486249999999999745e-03
2.688124999999999543e-03
2.698749999999999760e-03
2.815624999999999985e-03
2.826250000000000203e-03
2.996249999999999782e-03
3.123749999999999791e-03
3.240625000000000016e-03
3.272500000000000235e-03
3.463750000000000249e-03
3.474374999999999599e-03
3.485000000000000250e-03
3.654999999999999395e-03
3.739999999999999835e-03
3.750624999999999619e-03
3.856875000000000060e-03
3.835625000000000059e-03
3.984375000000000069e-03
3.931249999999999849e-03
1.110312499999999841e-02
8.818749999999999549e-04
8.924999999999999557e-04
7.862499999999999481e-04
1.030625000000000074e-03
1.253749999999999873e-03
1.402499999999999884e-03
1.423750000000000102e-03
1.572499999999999896e-03
1.689374999999999905e-03
1.710624999999999906e-03
1.763749999999999910e-03
2.040000000000000147e-03
2.008124999999999927e-03
2.071874999999999932e-03
2.135624999999999937e-03
2.273750000000000163e-03
2.231249999999999727e-03
2.369374999999999953e-03
2.443749999999999742e-03
2.539374999999999966e-03
2.496874999999999963e-03
2.496874999999999963e-03
2.581874999999999969e-03
2.635000000000000189e-03
3.325624999999999588e-03
3.336249999999999806e-03
3.453125000000000031e-03
3.485000000000000250e-03
3.708124999999999616e-03
4.090624999999999643e-03
4.101249999999999861e-03
4.143749999999999864e-03
1.211250000000000000e-02
1.168749999999999824e-02
1.215500000000000087e-02
1.185749999999999998e-02
1.188937500000000064e-02
1.180437500000000063e-02
1.181499999999999911e-02
1.182562500000000107e-02
1.182562500000000107e-02
1.193187499999999804e-02
1.194249999999999999e-02
1.192124999999999956e-02
1.193187499999999804e-02
1.158125000000000127e-02
1.203812499999999848e-02
2.709374999999999544e-03
2.815624999999999985e-03
2.082500000000000150e-03
2.061250000000000148e-03
2.156874999999999938e-03
2.103749999999999717e-03
2.029374999999999929e-03
2.061250000000000148e-03
