-2.635000000000000183e-06 -2.635000000000000183e-06 -2.635000000000000183e-06 -2.632841796875000294e-06
8.300781250000000658e-11 4.980468750000000912e-10 1.328125000000000105e-09 1.494140625000000170e-09
-2.547343750000000254e-06 -2.547592773437500046e-06 -2.547841796875000261e-06 -2.547841796875000261e-06
2.490234375000000456e-10 4.980468750000000912e-10 3.320312500000000263e-10 -4.980468750000000912e-10
-1.660156250000000132e-10 4.980468750000000912e-10 -1.660156250000000028e-09 -1.236816406249999987e-08
-4.069956054687500257e-06 -4.069956054687500257e-06 -4.069873046874999903e-06 -4.069707031250000042e-06
-4.090708007812500682e-06 -4.090625000000000328e-06 -4.090791015625000189e-06 -4.090957031250000050e-06
8.300781250000000658e-11 2.490234375000000456e-10 7.470703125000000851e-10 9.130859375000000466e-10
-3.320312500000000263e-10 -4.980468750000000912e-10 -2.490234375000000456e-10 -1.660156250000000132e-10
1.660156250000000132e-10 0.000000000000000000e+00 -3.320312500000000263e-10 -4.150390625000000071e-10
-5.642041015624999948e-06 -5.641708984375000226e-06 -5.641708984375000226e-06 -5.641791992187500580e-06
-5.642373046875000517e-06 -5.642622070312499885e-06 -5.642871093750000947e-06 -5.642788085937500593e-06
-5.727871093750000134e-06 -5.728286132812500210e-06 -5.728950195312500501e-06 -5.729199218749999869e-06
-5.985278320312500337e-06 -5.985610351562500906e-06 -5.986440429687500212e-06 -5.987021484375000996e-06
-6.159096679687499750e-06 -6.160258789062500471e-06 -6.162084960937500637e-06 -6.164492187500000741e-06
-6.468051757812500446e-06 -6.470375976562501042e-06 -6.473447265625000590e-06 -6.476933593750000215e-06
-6.607753906250000874e-06 -6.607919921875000736e-06 -6.607836914062500382e-06 -6.607836914062500382e-06
-6.841088867187500043e-06 -6.800000000000000116e-06 -6.804067382812499677e-06 -6.799501953125000533e-06
-6.863583984375000280e-06 -6.878442382812500130e-06 -6.884003906250000982e-06 -6.889399414062500280e-06
-7.360966796875000871e-06 -7.362294921874999760e-06 -7.362792968750000190e-06 -7.363291015624999773e-06
-7.384624023437500983e-06 -7.384374999999999921e-06 -7.384374999999999921e-06 -7.383710937500001323e-06
2.490234375000000456e-10 5.810546875000000202e-10 9.130859375000000466e-10 1.245117187500000073e-09
-7.742304687500000299e-06 -7.742553710937499667e-06 -7.742636718750000021e-06 -7.742719726562500375e-06
-7.721137695312499797e-06 -7.708188476562500467e-06 -7.718647460937501034e-06 -7.723544921874999901e-06
-3.229003906250000269e-08 -2.689453125000000389e-08 -1.377929687500000042e-08 -2.631347656250000366e-08
-1.884277343750000074e-08 2.183105468750000191e-08 -1.826171875000000052e-08 -1.776367187500000032e-08
-4.150390624999999967e-09 -4.656738281250000165e-08 -1.875976562500000071e-08 7.221679687500001167e-09
3.652343750000000186e-09 8.134765624999999870e-09 9.047851562500000226e-09 -2.075195312500000480e-08
-8.317382812500001265e-08 -7.545410156250001294e-08 -2.133300781250000172e-08 -8.026855468749999497e-08
-7.470703125000000851e-10 -2.374023437499999935e-08 -3.270507812499999954e-08 -1.743164062500000268e-09
-2.305957031250000200e-06 -2.312597656250000149e-06 -2.298154296875000375e-06 -2.321562499999999848e-06
-1.162109375000000040e-09 1.145507812500000117e-08 -4.482421875000000097e-09 -6.308593750000000811e-09
-5.644531249999999724e-09 -4.150390624999999967e-09 -5.727539062500000584e-09 -8.217773437499999902e-09
1.245117187500000073e-09 -3.154296875000000405e-09 -1.909179687499999919e-09 3.320312500000000263e-10
-3.035429687500000154e-06 -3.033271484375000265e-06 -3.036923828125000598e-06 -3.036757812499999890e-06
-3.056679687500000586e-06 -3.058505859374999905e-06 -3.056679687500000586e-06 -3.058007812499999898e-06
-3.523930664062500129e-06 -3.523930664062500129e-06 -3.523349609375000192e-06 -3.523266601562500262e-06
-3.437851562500000576e-06 -3.438847656250000166e-06 -3.437851562500000576e-06 -3.437353515625000569e-06
-3.584775390625000044e-06 -3.585273437500000051e-06 -3.583862304687500385e-06 -3.584609375000000606e-06
1.660156250000000132e-10 6.640625000000000527e-10 9.130859375000000466e-10 1.660156250000000028e-09
-3.964868164062500090e-06 -3.964287109375000153e-06 -3.963706054687500215e-06 -3.963125000000000278e-06
-4.195712890624999648e-06 -4.195712890624999648e-06 -4.195463867187500279e-06 -4.195380859375000772e-06
-4.259213867187500304e-06 -4.258715820312500721e-06 -4.258549804687500013e-06 -4.258549804687500013e-06
-4.385966796875000556e-06 -4.386298828125000278e-06 -4.385966796875000556e-06 -4.385551757812499632e-06
-4.513383789062500251e-06 -4.513549804687500112e-06 -4.513881835937499835e-06 -4.514213867187500404e-06
-4.790048828125000436e-06 -4.789965820312500082e-06 -4.789716796875000713e-06 -4.790214843750000297e-06
-4.790795898437500234e-06 -4.790961914062500095e-06 -4.790712890624999880e-06 -4.790629882812500373e-06
-4.896713867187500553e-06 -4.896879882812500414e-06 -4.897128906249999783e-06 -4.897543945312500706e-06
-4.961044921875000516e-06 -4.960795898437500300e-06 -4.960795898437500300e-06 -4.961044921875000516e-06
-5.003627929687500039e-06 -5.003461914062500178e-06 -5.003212890625000810e-06 -5.003046875000000102e-06
-5.194545898437499545e-06 -5.194960937500000468e-06 -5.195043945312499975e-06 -5.195209960937499836e-06
-5.045629882812500473e-06 -5.045795898437500334e-06 -5.044550781250000952e-06 -5.045546875000000119e-06
-6.617797851562499671e-06 -6.617465820312500796e-06 -6.617299804687500087e-06 -6.616718750000000150e-06
-6.486313476562500413e-06 -6.486645507812500136e-06 -6.487890625000001211e-06 -6.488554687499999809e-06
-6.912226562500001086e-06 -6.911894531250000517e-06 -6.912060546875000378e-06 -6.912060546875000378e-06
3.320312500000000263e-10 5.810546875000000202e-10 3.320312500000000263e-10 3.901367187500000697e-09
-1.162109375000000040e-09 -1.162109375000000040e-09 -8.300781250000000141e-10 -2.490234375000000456e-10
2.905273437500000308e-09 1.826171875000000093e-09 1.909179687499999919e-09 1.162109375000000040e-09
-8.056904296875000508e-06 -8.057568359374999952e-06 -8.056240234375001063e-06 -8.056655273437501140e-06
-8.300781250000000658e-11 -8.300781250000000658e-11 -8.300781250000000658e-11 4.150390625000000071e-10
-2.490234375000000456e-10 -4.150390625000000071e-10 -5.810546875000000202e-10 -4.980468750000000912e-10
8.300781250000000658e-11 0.000000000000000000e+00 -8.300781250000000658e-11 -8.300781250000000658e-11
2.490234375000000456e-10 4.150390625000000071e-10 7.470703125000000851e-10 9.130859375000000466e-10
-3.320312500000000263e-10 -4.980468750000000912e-10 -4.150390625000000071e-10 -6.640625000000000527e-10
-1.660156250000000132e-10 0.000000000000000000e+00 -1.660156250000000132e-10 -4.980468750000000912e-10
8.300781250000000658e-11 3.320312500000000263e-10 4.980468750000000912e-10 5.810546875000000202e-10
-8.300781250000000658e-11 -8.300781250000000658e-11 -1.660156250000000132e-10 8.300781250000000658e-11
2.490234375000000456e-10 2.490234375000000456e-10 0.000000000000000000e+00 -2.490234375000000456e-10
3.320312500000000263e-10 6.640625000000000527e-10 6.640625000000000527e-10 7.470703125000000851e-10
0.000000000000000000e+00 8.300781250000000658e-11 2.490234375000000456e-10 3.320312500000000263e-10
1.660156250000000132e-10 -1.660156250000000132e-10 -8.300781250000000658e-11 -2.490234375000000456e-10
4.980468750000000912e-10 5.810546875000000202e-10 9.130859375000000466e-10 5.810546875000000202e-10
-8.300781250000000658e-11 8.300781250000000658e-11 -8.300781250000000658e-11 -1.660156250000000132e-10
0.000000000000000000e+00 -1.660156250000000132e-10 -4.980468750000000912e-10 -3.320312500000000263e-10
0.000000000000000000e+00 3.320312500000000263e-10 4.150390625000000071e-10 2.490234375000000456e-10
0.000000000000000000e+00 -8.300781250000000658e-11 8.300781250000000658e-11 1.660156250000000132e-10
-8.300781250000000658e-11 -3.320312500000000263e-10 -5.810546875000000202e-10 -6.640625000000000527e-10
8.300781250000000658e-11 3.320312500000000263e-10 3.320312500000000263e-10 0.000000000000000000e+00
-4.124824218750000513e-06 -4.125073242187500728e-06 -4.125073242187500728e-06 -4.125239257812500589e-06
-4.124326171875000083e-06 -4.125903320312500881e-06 -4.125488281249999958e-06 -4.125488281249999958e-06
-4.209741210937500192e-06 -4.210405273437500484e-06 -4.209409179687500470e-06 -4.209907226562500053e-06
-4.081660156250000205e-06 -4.081909179687500420e-06 -4.083652343750000232e-06 -4.081660156250000205e-06
-3.933325195312500223e-06 -3.933242187500000716e-06 -3.934487304687500098e-06 -3.933823242187499807e-06
7.470703125000000851e-10 -4.150390625000000071e-10 4.980468750000000912e-10 2.490234375000000456e-10
8.300781250000000141e-10 1.162109375000000040e-09 1.162109375000000040e-09 1.079101562500000008e-09
-1.660156250000000132e-10 1.660156250000000132e-10 -1.660156250000000132e-10 8.300781250000000658e-11
-3.656162109375000456e-06 -3.655996093750000171e-06 -3.655747070312499956e-06 -3.656162109375000456e-06
-3.485664062499999959e-06 -3.485664062499999959e-06 -3.485996093750000105e-06 -3.485996093750000105e-06
-3.380825195312500007e-06 -3.380327148437500424e-06 -3.379248046875000056e-06 -3.378916015624999911e-06
-3.400747070312499856e-06 -3.399916992187500551e-06 -3.400498046875000065e-06 -3.400747070312499856e-06
-2.996582031250000469e-06 -2.997329101562500268e-06 -2.996582031250000469e-06 -2.996997070312500122e-06
-2.763579101562500177e-06 -2.762998046874999816e-06 -2.763247070312500031e-06 -2.762499999999999809e-06
-2.911166992187500360e-06 -2.910751953124999860e-06 -2.912080078125000019e-06 -2.911333007812500221e-06
-2.571416015625000019e-06 -2.571997070312500380e-06 -2.571166992187500227e-06 -2.571000976562500366e-06
1.411132812499999931e-09 8.300781250000000141e-10 1.245117187500000073e-09 2.490234375000000146e-09
-9.130859375000000466e-10 -1.494140625000000170e-09 -3.320312500000000263e-10 4.980468750000000912e-10
-1.296000976562500080e-06 -1.296499023437500086e-06 -1.296333007812500014e-06 -1.296582031250000017e-06
-1.317666015625000164e-06 -1.317998046874999886e-06 -1.316918945312500154e-06 -1.316420898437500147e-06
-1.317250976562500088e-06 -1.317084960937500227e-06 -1.317084960937500227e-06 -1.317167968750000157e-06
-1.444584960937500277e-06 -1.444252929687500131e-06 -1.444418945312500204e-06 -1.444169921875000200e-06
-1.466083984375000077e-06 -1.466333007812500080e-06 -1.465668945312500000e-06 -1.465336914062500066e-06
-1.656835937500000144e-06 -1.657084960937500148e-06 -1.657001953125000006e-06 -1.657084960937500148e-06
-1.762836914062499971e-06 -1.763750000000000054e-06 -1.763750000000000054e-06 -1.763750000000000054e-06
-1.997500000000000357e-06 -1.997500000000000357e-06 -1.997500000000000357e-06 -1.997500000000000357e-06
-1.476060642202391350e-317 -1.476060642202391350e-317 0.000000000000000000e+00 -0.000000000000000000e+00
-0.000000000000000000e+00 -1.476060642202391350e-317 -1.476060642202391350e-317 -0.000000000000000000e+00
1.476060642202391350e-317 -0.000000000000000000e+00 1.476060642202391350e-317 0.000000000000000000e+00
-2.550000000000000149e-06 -2.550000000000000149e-06 -2.550000000000000149e-06 -2.550000000000000149e-06
-2.826250000000000257e-06 -2.826250000000000257e-06 -2.826250000000000257e-06 -2.826250000000000257e-06
-2.762499999999999809e-06 -2.762499999999999809e-06 -2.762499999999999809e-06 -2.762499999999999809e-06
-2.911249999999999867e-06 -2.911249999999999867e-06 -2.911249999999999867e-06 -2.911249999999999867e-06
-1.476060642202391350e-317 0.000000000000000000e+00 0.000000000000000000e+00 -1.476060642202391350e-317
-2.975000000000000315e-06 -2.975000000000000315e-06 -2.975000000000000315e-06 -2.975000000000000315e-06
-3.017499999999999908e-06 -3.017499999999999908e-06 -3.017499999999999908e-06 -3.017499999999999908e-06
-3.038749999999999917e-06 -3.038749999999999917e-06 -3.038749999999999917e-06 -3.038749999999999917e-06
-3.123749999999999950e-06 -3.123749999999999950e-06 -3.123749999999999950e-06 -3.123749999999999950e-06
-3.251250000000000000e-06 -3.251250000000000000e-06 -3.251250000000000000e-06 -3.251250000000000000e-06
-3.336250000000000457e-06 -3.336250000000000457e-06 -3.336250000000000457e-06 -3.336250000000000457e-06
-3.485000000000000091e-06 -3.485000000000000091e-06 -3.485000000000000091e-06 -3.485000000000000091e-06
-3.378750000000000050e-06 -3.378750000000000050e-06 -3.378750000000000050e-06 -3.378750000000000050e-06
-3.527500000000000108e-06 -3.527500000000000108e-06 -3.527500000000000108e-06 -3.527500000000000108e-06
-3.527500000000000108e-06 -3.527500000000000108e-06 -3.527500000000000108e-06 -3.527500000000000108e-06
-3.527500000000000108e-06 -3.527500000000000108e-06 -3.527500000000000108e-06 -3.527500000000000108e-06
-4.568750000000000091e-06 -4.568750000000000091e-06 -4.568750000000000091e-06 -4.568750000000000091e-06
-4.547500000000000083e-06 -4.547500000000000083e-06 -4.547500000000000083e-06 -4.547500000000000083e-06
-4.717500000000000149e-06 -4.717500000000000149e-06 -4.717500000000000149e-06 -4.717500000000000149e-06
1.476060642202391350e-317 1.476060642202391350e-317 -0.000000000000000000e+00 1.476060642202391350e-317
0.000000000000000000e+00 1.476060642202391350e-317 1.476060642202391350e-317 1.476060642202391350e-317
1.476060642202391350e-317 0.000000000000000000e+00 1.476060642202391350e-317 0.000000000000000000e+00
-0.000000000000000000e+00 -1.476060642202391350e-317 -1.476060642202391350e-317 -1.476060642202391350e-317
-1.476060642202391350e-317 0.000000000000000000e+00 -1.476060642202391350e-317 0.000000000000000000e+00
1.476060642202391350e-317 1.476060642202391350e-317 1.476060642202391350e-317 -0.000000000000000000e+00
-1.476060642202391350e-317 -1.476060642202391350e-317 0.000000000000000000e+00 0.000000000000000000e+00
-0.000000000000000000e+00 1.476060642202391350e-317 1.476060642202391350e-317 -0.000000000000000000e+00
0.000000000000000000e+00 1.476060642202391350e-317 0.000000000000000000e+00 1.476060642202391350e-317
-1.476060642202391350e-317 0.000000000000000000e+00 -1.476060642202391350e-317 -1.476060642202391350e-317
-0.000000000000000000e+00 -0.000000000000000000e+00 -1.476060642202391350e-317 0.000000000000000000e+00
-1.476060642202391350e-317 -0.000000000000000000e+00 -1.476060642202391350e-317 -0.000000000000000000e+00
1.476060642202391350e-317 -0.000000000000000000e+00 1.476060642202391350e-317 1.476060642202391350e-317
1.476060642202391350e-317 1.476060642202391350e-317 0.000000000000000000e+00 1.476060642202391350e-317
-1.476060642202391350e-317 0.000000000000000000e+00 -1.476060642202391350e-317 0.000000000000000000e+00
1.476060642202391350e-317 -0.000000000000000000e+00 1.476060642202391350e-317 -0.000000000000000000e+00
-1.476060642202391350e-317 0.000000000000000000e+00 -1.476060642202391350e-317 -1.476060642202391350e-317
-0.000000000000000000e+00 -1.476060642202391350e-317 -1.476060642202391350e-317 -0.000000000000000000e+00
-1.476060642202391350e-317 -1.476060642202391350e-317 -1.476060642202391350e-317 -0.000000000000000000e+00
1.476060642202391350e-317 1.476060642202391350e-317 -0.000000000000000000e+00 1.476060642202391350e-317
0.000000000000000000e+00 1.476060642202391350e-317 1.476060642202391350e-317 1.476060642202391350e-317
1.476060642202391350e-317 -0.000000000000000000e+00 -0.000000000000000000e+00 -0.000000000000000000e+00
-1.476060642202391350e-317 0.000000000000000000e+00 -1.476060642202391350e-317 -1.476060642202391350e-317
-0.000000000000000000e+00 -1.476060642202391350e-317 -1.476060642202391350e-317 -0.000000000000000000e+00
-1.476060642202391350e-317 -1.476060642202391350e-317 -1.476060642202391350e-317 -0.000000000000000000e+00
1.476060642202391350e-317 1.476060642202391350e-317 -0.000000000000000000e+00 1.476060642202391350e-317
0.000000000000000000e+00 1.476060642202391350e-317 1.476060642202391350e-317 1.476060642202391350e-317
-1.476060642202391350e-317 -1.476060642202391350e-317 0.000000000000000000e+00 -1.476060642202391350e-317
-1.476060642202391350e-317 0.000000000000000000e+00 -1.476060642202391350e-317 -1.476060642202391350e-317
-0.000000000000000000e+00 -1.476060642202391350e-317 -1.476060642202391350e-317 -0.000000000000000000e+00
-1.476060642202391350e-317 -1.476060642202391350e-317 -1.476060642202391350e-317 -0.000000000000000000e+00
1.476060642202391350e-317 1.476060642202391350e-317 -0.000000000000000000e+00 1.476060642202391350e-317
0.000000000000000000e+00 1.476060642202391350e-317 1.476060642202391350e-317 1.476060642202391350e-317
1.476060642202391350e-317 1.476060642202391350e-317 0.000000000000000000e+00 1.476060642202391350e-317
-3.570000000000000548e-06 -3.570000000000000548e-06 -3.570000000000000548e-06 -3.570000000000000548e-06
-1.476060642202391350e-317 0.000000000000000000e+00 -1.476060642202391350e-317 0.000000000000000000e+00
-3.740000000000000191e-06 -3.740000000000000191e-06 -3.740000000000000191e-06 -3.740000000000000191e-06
-3.697500000000000598e-06 -3.697500000000000598e-06 -3.697500000000000598e-06 -3.697500000000000598e-06
-3.761250000000000199e-06 -3.761250000000000199e-06 -3.761250000000000199e-06 -3.761250000000000199e-06
-3.761250000000000199e-06 -3.761250000000000199e-06 -3.761250000000000199e-06 -3.761250000000000199e-06
-3.782500000000000207e-06 -3.782500000000000207e-06 -3.782500000000000207e-06 -3.782500000000000207e-06
-3.697500000000000598e-06 -3.697500000000000598e-06 -3.697500000000000598e-06 -3.697500000000000598e-06
-3.697500000000000598e-06 -3.697500000000000598e-06 -3.697500000000000598e-06 -3.697500000000000598e-06
-3.655000000000000158e-06 -3.655000000000000158e-06 -3.655000000000000158e-06 -3.655000000000000158e-06
-3.697500000000000598e-06 -3.697500000000000598e-06 -3.697500000000000598e-06 -3.697500000000000598e-06
-3.655000000000000158e-06 -3.655000000000000158e-06 -3.655000000000000158e-06 -3.655000000000000158e-06
-3.676250000000000166e-06 -3.676250000000000166e-06 -3.676250000000000166e-06 -3.676250000000000166e-06
-3.591250000000000556e-06 -3.591250000000000556e-06 -3.591250000000000556e-06 -3.591250000000000556e-06
-3.612500000000000141e-06 -3.612500000000000141e-06 -3.612500000000000141e-06 -3.612500000000000141e-06
-3.633750000000000149e-06 -3.633750000000000149e-06 -3.633750000000000149e-06 -3.633750000000000149e-06
-1.476060642202391350e-317 0.000000000000000000e+00 -1.476060642202391350e-317 0.000000000000000000e+00
-1.476060642202391350e-317 -1.476060642202391350e-317 -1.476060642202391350e-317 -0.000000000000000000e+00
1.476060642202391350e-317 0.000000000000000000e+00 1.476060642202391350e-317 0.000000000000000000e+00
0.000000000000000000e+00 -0.000000000000000000e+00 -1.476060642202391350e-317 -0.000000000000000000e+00
0.000000000000000000e+00 1.476060642202391350e-317 1.476060642202391350e-317 -0.000000000000000000e+00
1.476060642202391350e-317 1.476060642202391350e-317 0.000000000000000000e+00 0.000000000000000000e+00
1.476060642202391350e-317 0.000000000000000000e+00 1.476060642202391350e-317 1.476060642202391350e-317
1.476060642202391350e-317 0.000000000000000000e+00 0.000000000000000000e+00 1.476060642202391350e-317
-0.000000000000000000e+00 -1.476060642202391350e-317 0.000000000000000000e+00 -0.000000000000000000e+00
1.476060642202391350e-317 0.000000000000000000e+00 0.000000000000000000e+00 1.476060642202391350e-317
1.476060642202391350e-317 0.000000000000000000e+00 1.476060642202391350e-317 0.000000000000000000e+00
-1.476060642202391350e-317 0.000000000000000000e+00 -1.476060642202391350e-317 0.000000000000000000e+00
1.476060642202391350e-317 1.476060642202391350e-317 -0.000000000000000000e+00 -0.000000000000000000e+00
-0.000000000000000000e+00 -1.476060642202391350e-317 -1.476060642202391350e-317 -1.476060642202391350e-317
-1.476060642202391350e-317 0.000000000000000000e+00 -0.000000000000000000e+00 -1.476060642202391350e-317
-1.476060642202391350e-317 -0.000000000000000000e+00 -1.476060642202391350e-317 -1.476060642202391350e-317
0.000000000000000000e+00 0.000000000000000000e+00 0.000000000000000000e+00 1.476060642202391350e-317
-0.000000000000000000e+00 -1.476060642202391350e-317 -1.476060642202391350e-317 -0.000000000000000000e+00
1.476060642202391350e-317 -0.000000000000000000e+00 1.476060642202391350e-317 0.000000000000000000e+00
-1.476060642202391350e-317 0.000000000000000000e+00 0.000000000000000000e+00 -1.476060642202391350e-317
1.476060642202391350e-317 1.476060642202391350e-317 0.000000000000000000e+00 -0.000000000000000000e+00
1.476060642202391350e-317 0.000000000000000000e+00 1.476060642202391350e-317 1.476060642202391350e-317
1.476060642202391350e-317 0.000000000000000000e+00 0.000000000000000000e+00 1.476060642202391350e-317
-0.000000000000000000e+00 -1.476060642202391350e-317 -1.476060642202391350e-317 -0.000000000000000000e+00
1.476060642202391350e-317 -0.000000000000000000e+00 1.476060642202391350e-317 0.000000000000000000e+00
-1.476060642202391350e-317 0.000000000000000000e+00 0.000000000000000000e+00 -1.476060642202391350e-317
-3.825000000000000647e-06 -3.825000000000000647e-06 -3.825000000000000647e-06 -3.825000000000000647e-06
-3.676250000000000166e-06 -3.676250000000000166e-06 -3.676250000000000166e-06 -3.676250000000000166e-06
-3.612500000000000141e-06 -3.612500000000000141e-06 -3.612500000000000141e-06 -3.612500000000000141e-06
-3.400000000000000058e-06 -3.400000000000000058e-06 -3.400000000000000058e-06 -3.400000000000000058e-06
-1.476060642202391350e-317 -1.476060642202391350e-317 -1.476060642202391350e-317 -1.476060642202391350e-317
1.476060642202391350e-317 1.476060642202391350e-317 0.000000000000000000e+00 0.000000000000000000e+00
-2.486250000000000124e-06 -2.486250000000000124e-06 -2.486250000000000124e-06 -2.486250000000000124e-06
1.476060642202391350e-317 1.476060642202391350e-317 -0.000000000000000000e+00 -0.000000000000000000e+00
-2.656250000000000614e-06 -2.656250000000000614e-06 -2.656250000000000614e-06 -2.656250000000000614e-06
-2.741250000000000224e-06 -2.741250000000000224e-06 -2.741250000000000224e-06 -2.741250000000000224e-06
-2.826250000000000257e-06 -2.826250000000000257e-06 -2.826250000000000257e-06 -2.826250000000000257e-06
-2.847500000000000266e-06 -2.847500000000000266e-06 -2.847500000000000266e-06 -2.847500000000000266e-06
-2.889999999999999859e-06 -2.889999999999999859e-06 -2.889999999999999859e-06 -2.889999999999999859e-06
-2.889999999999999859e-06 -2.889999999999999859e-06 -2.889999999999999859e-06 -2.889999999999999859e-06
-3.038749999999999917e-06 -3.038749999999999917e-06 -3.038749999999999917e-06 -3.038749999999999917e-06
-3.952500000000000697e-06 -3.952500000000000697e-06 -3.952500000000000697e-06 -3.952500000000000697e-06
-1.476060642202391350e-317 0.000000000000000000e+00 -1.476060642202391350e-317 0.000000000000000000e+00
1.476060642202391350e-317 -0.000000000000000000e+00 1.476060642202391350e-317 0.000000000000000000e+00
-1.476060642202391350e-317 0.000000000000000000e+00 -1.476060642202391350e-317 -1.476060642202391350e-317
1.476060642202391350e-317 0.000000000000000000e+00 1.476060642202391350e-317 1.476060642202391350e-317
-0.000000000000000000e+00 1.476060642202391350e-317 -0.000000000000000000e+00 1.476060642202391350e-317
1.476060642202391350e-317 -0.000000000000000000e+00 -0.000000000000000000e+00 -0.000000000000000000e+00
-1.476060642202391350e-317 0.000000000000000000e+00 -0.000000000000000000e+00 -1.476060642202391350e-317
1.476060642202391350e-317 0.000000000000000000e+00 1.476060642202391350e-317 0.000000000000000000e+00
-1.476060642202391350e-317 -1.476060642202391350e-317 -1.476060642202391350e-317 -0.000000000000000000e+00
1.476060642202391350e-317 1.476060642202391350e-317 -0.000000000000000000e+00 -0.000000000000000000e+00
-1.476060642202391350e-317 0.000000000000000000e+00 -1.476060642202391350e-317 -0.000000000000000000e+00
-0.000000000000000000e+00 1.476060642202391350e-317 -0.000000000000000000e+00 1.476060642202391350e-317
-3.017499999999999908e-06 -3.017499999999999908e-06 -3.017499999999999908e-06 -3.017499999999999908e-06
-1.476060642202391350e-317 0.000000000000000000e+00 -0.000000000000000000e+00 -1.476060642202391350e-317
-3.060000000000000349e-06 -3.060000000000000349e-06 -3.060000000000000349e-06 -3.060000000000000349e-06
-3.208750000000000407e-06 -3.208750000000000407e-06 -3.208750000000000407e-06 -3.208750000000000407e-06
-3.293750000000000016e-06 -3.293750000000000016e-06 -3.293750000000000016e-06 -3.293750000000000016e-06
0.000000000000000000e+00 0.000000000000000000e+00 0.000000000000000000e+00 1.476060642202391350e-317
-1.476060642202391350e-317 -1.476060642202391350e-317 -1.476060642202391350e-317 -0.000000000000000000e+00
-3.825000000000000647e-06 -3.825000000000000647e-06 -3.825000000000000647e-06 -3.825000000000000647e-06
-3.825000000000000647e-06 -3.825000000000000647e-06 -3.825000000000000647e-06 -3.825000000000000647e-06
-3.825000000000000647e-06 -3.825000000000000647e-06 -3.825000000000000647e-06 -3.825000000000000647e-06
-1.476060642202391350e-317 -0.000000000000000000e+00 -1.476060642202391350e-317 -0.000000000000000000e+00
-4.080000000000000747e-06 -4.080000000000000747e-06 -4.080000000000000747e-06 -4.080000000000000747e-06
-4.335000000000000000e-06 -4.335000000000000000e-06 -4.335000000000000000e-06 -4.335000000000000000e-06
-1.476060642202391350e-317 0.000000000000000000e+00 -1.476060642202391350e-317 0.000000000000000000e+00
-4.207499999999999950e-06 -4.207499999999999950e-06 -4.207499999999999950e-06 -4.207499999999999950e-06
-4.228750000000000805e-06 -4.228750000000000805e-06 -4.228750000000000805e-06 -4.228750000000000805e-06
-4.207499999999999950e-06 -4.207499999999999950e-06 -4.207499999999999950e-06 -4.207499999999999950e-06
-4.207499999999999950e-06 -4.207499999999999950e-06 -4.207499999999999950e-06 -4.207499999999999950e-06
-4.292499999999999983e-06 -4.292499999999999983e-06 -4.292499999999999983e-06 -4.292499999999999983e-06
-4.037499999999999883e-06 -4.037499999999999883e-06 -4.037499999999999883e-06 -4.037499999999999883e-06
-4.143749999999999925e-06 -4.143749999999999925e-06 -4.143749999999999925e-06 -4.143749999999999925e-06
-4.207499999999999950e-06 -4.207499999999999950e-06 -4.207499999999999950e-06 -4.207499999999999950e-06
-4.186249999999999942e-06 -4.186249999999999942e-06 -4.186249999999999942e-06 -4.186249999999999942e-06
-4.249999999999999966e-06 -4.249999999999999966e-06 -4.249999999999999966e-06 -4.249999999999999966e-06
-4.207499999999999950e-06 -4.207499999999999950e-06 -4.207499999999999950e-06 -4.207499999999999950e-06
-4.164999999999999933e-06 -4.164999999999999933e-06 -4.164999999999999933e-06 -4.164999999999999933e-06
-3.931249999999999842e-06 -3.931249999999999842e-06 -3.931249999999999842e-06 -3.931249999999999842e-06
-3.952500000000000697e-06 -3.952500000000000697e-06 -3.952500000000000697e-06 -3.952500000000000697e-06
-1.476060642202391350e-317 -1.476060642202391350e-317 0.000000000000000000e+00 -1.476060642202391350e-317
-3.909999999999999834e-06 -3.909999999999999834e-06 -3.909999999999999834e-06 -3.909999999999999834e-06
-3.782500000000000207e-06 -3.782500000000000207e-06 -3.782500000000000207e-06 -3.782500000000000207e-06
-3.782500000000000207e-06 -3.782500000000000207e-06 -3.782500000000000207e-06 -3.782500000000000207e-06
-3.931249999999999842e-06 -3.931249999999999842e-06 -3.931249999999999842e-06 -3.931249999999999842e-06
-3.782500000000000207e-06 -3.782500000000000207e-06 -3.782500000000000207e-06 -3.782500000000000207e-06
-3.655000000000000158e-06 -3.655000000000000158e-06 -3.655000000000000158e-06 -3.655000000000000158e-06
-3.230000000000000415e-06 -3.230000000000000415e-06 -3.230000000000000415e-06 -3.230000000000000415e-06
-3.187500000000000398e-06 -3.187500000000000398e-06 -3.187500000000000398e-06 -3.187500000000000398e-06
-3.315000000000000448e-06 -3.315000000000000448e-06 -3.315000000000000448e-06 -3.315000000000000448e-06
-3.144999999999999958e-06 -3.144999999999999958e-06 -3.144999999999999958e-06 -3.144999999999999958e-06
-2.805000000000000249e-06 -2.805000000000000249e-06 -2.805000000000000249e-06 -2.805000000000000249e-06
-3.017499999999999908e-06 -3.017499999999999908e-06 -3.017499999999999908e-06 -3.017499999999999908e-06
-2.677500000000000199e-06 -2.677500000000000199e-06 -2.677500000000000199e-06 -2.677500000000000199e-06
-2.337500000000000066e-06 -2.337500000000000066e-06 -2.337500000000000066e-06 -2.337500000000000066e-06
1.476060642202391350e-317 -0.000000000000000000e+00 1.476060642202391350e-317 -0.000000000000000000e+00
-2.613750000000000174e-06 -2.613750000000000174e-06 -2.613750000000000174e-06 -2.613750000000000174e-06
-1.476060642202391350e-317 -1.476060642202391350e-317 0.000000000000000000e+00 -1.476060642202391350e-317
-2.889999999999999859e-06 -2.889999999999999859e-06 -2.889999999999999859e-06 -2.889999999999999859e-06
-2.889999999999999859e-06 -2.889999999999999859e-06 -2.889999999999999859e-06 -2.889999999999999859e-06
-3.527500000000000108e-06 -3.527500000000000108e-06 -3.527500000000000108e-06 -3.527500000000000108e-06
-1.476060642202391350e-317 -0.000000000000000000e+00 -1.476060642202391350e-317 -1.476060642202391350e-317
-4.016249999999999875e-06 -4.016249999999999875e-06 -4.016249999999999875e-06 -4.016249999999999875e-06
-4.420000000000000033e-06 -4.420000000000000033e-06 -4.420000000000000033e-06 -4.420000000000000033e-06
1.476060642202391350e-317 -0.000000000000000000e+00 -0.000000000000000000e+00 1.476060642202391350e-317
-5.376250000000000407e-06 -5.376250000000000407e-06 -5.376250000000000407e-06 -5.376250000000000407e-06
-5.248750000000000357e-06 -5.248750000000000357e-06 -5.248750000000000357e-06 -5.248750000000000357e-06
-5.631249999999999659e-06 -5.631249999999999659e-06 -5.631249999999999659e-06 -5.631249999999999659e-06
-5.652500000000000514e-06 -5.652500000000000514e-06 -5.652500000000000514e-06 -5.652500000000000514e-06
-5.865000000000000598e-06 -5.865000000000000598e-06 -5.865000000000000598e-06 -5.865000000000000598e-06
-5.950000000000000631e-06 -5.950000000000000631e-06 -5.950000000000000631e-06 -5.950000000000000631e-06
-6.332499999999999933e-06 -6.332499999999999933e-06 -6.332499999999999933e-06 -6.332499999999999933e-06
-6.502500000000000000e-06 -6.502500000000000000e-06 -6.502500000000000000e-06 -6.502500000000000000e-06
-6.651250000000000058e-06 -6.651250000000000058e-06 -6.651250000000000058e-06 -6.651250000000000058e-06
-6.757500000000000099e-06 -6.757500000000000099e-06 -6.757500000000000099e-06 -6.757500000000000099e-06
-1.476060642202391350e-317 0.000000000000000000e+00 -1.476060642202391350e-317 -1.476060642202391350e-317
-7.310000000000000315e-06 -7.310000000000000315e-06 -7.310000000000000315e-06 -7.310000000000000315e-06
-7.480000000000000381e-06 -7.480000000000000381e-06 -7.480000000000000381e-06 -7.480000000000000381e-06
-1.476060642202391350e-317 -0.000000000000000000e+00 -1.476060642202391350e-317 -1.476060642202391350e-317
-7.713750000000000473e-06 -7.713750000000000473e-06 -7.713750000000000473e-06 -7.713750000000000473e-06
1.476060642202391350e-317 0.000000000000000000e+00 1.476060642202391350e-317 1.476060642202391350e-317
1.476060642202391350e-317 -0.000000000000000000e+00 1.476060642202391350e-317 1.476060642202391350e-317
1.476060642202391350e-317 0.000000000000000000e+00 0.000000000000000000e+00 1.476060642202391350e-317
1.476060642202391350e-317 -0.000000000000000000e+00 1.476060642202391350e-317 0.000000000000000000e+00
1.476060642202391350e-317 0.000000000000000000e+00 1.476060642202391350e-317 0.000000000000000000e+00
1.476060642202391350e-317 0.000000000000000000e+00 1.476060642202391350e-317 0.000000000000000000e+00
-1.476060642202391350e-317 -1.476060642202391350e-317 0.000000000000000000e+00 -1.476060642202391350e-317
-2.061250000000000382e-06 -2.061250000000000382e-06 -2.061250000000000382e-06 -2.061250000000000382e-06
-2.507500000000000133e-06 -2.507500000000000133e-06 -2.507500000000000133e-06 -2.507500000000000133e-06
-1.476060642202391350e-317 0.000000000000000000e+00 -1.476060642202391350e-317 -0.000000000000000000e+00
-0.000000000000000000e+00 1.476060642202391350e-317 -0.000000000000000000e+00 1.476060642202391350e-317
-2.996250000000000324e-06 -2.996250000000000324e-06 -2.996250000000000324e-06 -2.996250000000000324e-06
-3.378750000000000050e-06 -3.378750000000000050e-06 -3.378750000000000050e-06 -3.378750000000000050e-06
-3.421250000000000066e-06 -3.421250000000000066e-06 -3.421250000000000066e-06 -3.421250000000000066e-06
-3.527500000000000108e-06 -3.527500000000000108e-06 -3.527500000000000108e-06 -3.527500000000000108e-06
1.476060642202391350e-317 -0.000000000000000000e+00 1.476060642202391350e-317 0.000000000000000000e+00
-4.016249999999999875e-06 -4.016249999999999875e-06 -4.016249999999999875e-06 -4.016249999999999875e-06
-4.080000000000000747e-06 -4.080000000000000747e-06 -4.080000000000000747e-06 -4.080000000000000747e-06
-4.164999999999999933e-06 -4.164999999999999933e-06 -4.164999999999999933e-06 -4.164999999999999933e-06
-4.292499999999999983e-06 -4.292499999999999983e-06 -4.292499999999999983e-06 -4.292499999999999983e-06
-4.420000000000000033e-06 -4.420000000000000033e-06 -4.420000000000000033e-06 -4.420000000000000033e-06
-4.696250000000000141e-06 -4.696250000000000141e-06 -4.696250000000000141e-06 -4.696250000000000141e-06
-4.696250000000000141e-06 -4.696250000000000141e-06 -4.696250000000000141e-06 -4.696250000000000141e-06
-4.696250000000000141e-06 -4.696250000000000141e-06 -4.696250000000000141e-06 -4.696250000000000141e-06
-4.781250000000000174e-06 -4.781250000000000174e-06 -4.781250000000000174e-06 -4.781250000000000174e-06
-4.993750000000000257e-06 -4.993750000000000257e-06 -4.993750000000000257e-06 -4.993750000000000257e-06
-5.015000000000000265e-06 -5.015000000000000265e-06 -5.015000000000000265e-06 -5.015000000000000265e-06
-5.078750000000000290e-06 -5.078750000000000290e-06 -5.078750000000000290e-06 -5.078750000000000290e-06
-6.502500000000000000e-06 -6.502500000000000000e-06 -6.502500000000000000e-06 -6.502500000000000000e-06
-6.672500000000000913e-06 -6.672500000000000913e-06 -6.672500000000000913e-06 -6.672500000000000913e-06
-6.906250000000000157e-06 -6.906250000000000157e-06 -6.906250000000000157e-06 -6.906250000000000157e-06
1.476060642202391350e-317 -0.000000000000000000e+00 -0.000000000000000000e+00 1.476060642202391350e-317
1.476060642202391350e-317 0.000000000000000000e+00 1.476060642202391350e-317 -0.000000000000000000e+00
1.476060642202391350e-317 0.000000000000000000e+00 1.476060642202391350e-317 0.000000000000000000e+00
-1.476060642202391350e-317 0.000000000000000000e+00 0.000000000000000000e+00 -1.476060642202391350e-317
-1.476060642202391350e-317 0.000000000000000000e+00 -1.476060642202391350e-317 -1.476060642202391350e-317
-0.000000000000000000e+00 -1.476060642202391350e-317 -0.000000000000000000e+00 -0.000000000000000000e+00
-1.476060642202391350e-317 0.000000000000000000e+00 -1.476060642202391350e-317 -1.476060642202391350e-317
0.000000000000000000e+00 0.000000000000000000e+00 1.476060642202391350e-317 1.476060642202391350e-317
-1.476060642202391350e-317 -1.476060642202391350e-317 0.000000000000000000e+00 -0.000000000000000000e+00
1.476060642202391350e-317 1.476060642202391350e-317 -0.000000000000000000e+00 -0.000000000000000000e+00
-0.000000000000000000e+00 -1.476060642202391350e-317 -0.000000000000000000e+00 -0.000000000000000000e+00
-1.476060642202391350e-317 0.000000000000000000e+00 -1.476060642202391350e-317 -1.476060642202391350e-317
0.000000000000000000e+00 0.000000000000000000e+00 1.476060642202391350e-317 1.476060642202391350e-317
-0.000000000000000000e+00 -1.476060642202391350e-317 0.000000000000000000e+00 -1.476060642202391350e-317
-1.476060642202391350e-317 -0.000000000000000000e+00 -1.476060642202391350e-317 -1.476060642202391350e-317
-1.476060642202391350e-317 0.000000000000000000e+00 -1.476060642202391350e-317 -1.476060642202391350e-317
1.476060642202391350e-317 0.000000000000000000e+00 1.476060642202391350e-317 1.476060642202391350e-317
1.476060642202391350e-317 -0.000000000000000000e+00 1.476060642202391350e-317 1.476060642202391350e-317
1.476060642202391350e-317 -0.000000000000000000e+00 1.476060642202391350e-317 1.476060642202391350e-317
1.476060642202391350e-317 -0.000000000000000000e+00 -0.000000000000000000e+00 1.476060642202391350e-317
-0.000000000000000000e+00 1.476060642202391350e-317 1.476060642202391350e-317 -0.000000000000000000e+00
-0.000000000000000000e+00 -0.000000000000000000e+00 -0.000000000000000000e+00 -0.000000000000000000e+00
-4.164999999999999933e-06 -4.164999999999999933e-06 -4.164999999999999933e-06 -4.164999999999999933e-06
4.546516698087644965e+235 3.060736997554631777e+206 1.857231694832324935e+238 -4.122500000000000764e-06
-4.122500000000000764e-06 -4.122500000000000764e-06 5.340409967991610738e+172 -4.122500000000000764e-06
-4.207499999999999950e-06 -4.207499999999999950e-06 -4.207499999999999950e-06 -4.207499999999999950e-06
-4.058749999999999892e-06 -4.058749999999999892e-06 -4.058749999999999892e-06 -4.058749999999999892e-06
-3.931249999999999842e-06 8.484786569991087614e+244 -3.931249999999999842e-06 7.804814340627634604e+186
-1.016189782569084750e+173 -1.016189782569084750e+173 -1.016189782569084750e+173 -1.016189782569084750e+173
0.000000000000000000e+00 0.000000000000000000e+00 6.719292783440953001e-321 1.161620009666073745e+234
1.476060642202391350e-317 2.398424816090954036e+94 6.719292783440953001e-321 1.993637986768920075e-161
