1.240000000000000000e+02 8.890000000000000000e+02 8.900000000000000000e+02 9.080000000000000000e+02 1.109000000000000000e+03
4.590293920197378048e+18 4.590575395174088704e+18 4.591982770057641984e+18 4.594234569871327232e+18 4.594516044848037888e+18
1.200000000000000000e+02 1.008000000000000000e+03 1.030000000000000000e+03 1.051000000000000000e+03 1.057000000000000000e+03
4.592545720011063296e+18 4.593390144941195264e+18 4.593953094894616576e+18 4.593671619917905920e+18 4.590856870150799360e+18
4.590293920197378048e+18 4.589730970243956736e+18 4.591982770057641984e+18 0.000000000000000000e+00 -4.620658033310040064e+18
1.910000000000000000e+02 4.730000000000000000e+02 1.124000000000000000e+03 1.178000000000000000e+03 1.193000000000000000e+03
1.920000000000000000e+02 9.430000000000000000e+02 1.098000000000000000e+03 1.111000000000000000e+03 1.112000000000000000e+03
-4.620552480193773568e+18 -4.620587664565862400e+18 -4.620658033310040064e+18 -4.621045061403017216e+18 -4.621185798891372544e+18
-4.621115430147194880e+18 -4.620833955170484224e+18 -4.620693217682128896e+18 -4.620904323914661888e+18 -4.620974692658839552e+18
-4.621045061403017216e+18 -4.621185798891372544e+18 -4.621045061403017216e+18 -4.620763586426306560e+18 -4.620693217682128896e+18
2.650000000000000000e+02 5.790000000000000000e+02 1.208000000000000000e+03 1.218000000000000000e+03 1.229000000000000000e+03
2.650000000000000000e+02 9.560000000000000000e+02 9.620000000000000000e+02 1.052000000000000000e+03 1.081000000000000000e+03
2.690000000000000000e+02 6.790000000000000000e+02 7.600000000000000000e+02 9.460000000000000000e+02 1.314000000000000000e+03
2.810000000000000000e+02 7.740000000000000000e+02 8.400000000000000000e+02 8.610000000000000000e+02 8.620000000000000000e+02
2.890000000000000000e+02 7.210000000000000000e+02 9.950000000000000000e+02 1.250000000000000000e+03 1.352000000000000000e+03
3.030000000000000000e+02 5.350000000000000000e+02 5.480000000000000000e+02 8.200000000000000000e+02 1.169000000000000000e+03
3.090000000000000000e+02 8.300000000000000000e+02 8.420000000000000000e+02 8.490000000000000000e+02 9.070000000000000000e+02
3.200000000000000000e+02 5.000000000000000000e+02 1.137000000000000000e+03 1.161000000000000000e+03 1.181000000000000000e+03
3.230000000000000000e+02 9.800000000000000000e+02 1.011000000000000000e+03 1.024000000000000000e+03 1.141000000000000000e+03
3.450000000000000000e+02 8.840000000000000000e+02 8.990000000000000000e+02 9.000000000000000000e+02 9.120000000000000000e+02
3.460000000000000000e+02 4.660000000000000000e+02 1.107000000000000000e+03 1.108000000000000000e+03 1.120000000000000000e+03
-4.614113740101517312e+18 -4.614166516659650560e+18 -4.614236885403828224e+18 -4.614307254148005888e+18 -4.614377622892183552e+18
3.630000000000000000e+02 7.370000000000000000e+02 7.510000000000000000e+02 8.360000000000000000e+02 9.710000000000000000e+02
3.620000000000000000e+02 8.220000000000000000e+02 8.230000000000000000e+02 9.270000000000000000e+02 1.033000000000000000e+03
4.595360469778169856e+18 -4.614623913496805376e+18 -4.615767405589692416e+18 -4.621115430147194880e+18 -4.615890550892003328e+18
-4.619989530240352256e+18 -4.614096147915472896e+18 4.601764025498337280e+18 -4.614219293217783808e+18 -4.614324846334050304e+18
4.601834394242514944e+18 4.598315957033631744e+18 -4.612864694892363776e+18 -4.621959855077326848e+18 4.605317647079309312e+18
-4.617561808566222848e+18 -4.619109920938131456e+18 -4.621326536379727872e+18 -4.622100592565682176e+18 -4.612477666799386624e+18
4.611668426241343488e+18 -4.612055454334320640e+18 -4.613691527636451328e+18 4.607112050055839744e+18 -4.612671180845875200e+18
4.593953094894616576e+18 4.591701295080931328e+18 -4.616330355543113728e+18 -4.614360030706139136e+18 4.587479170430271488e+18
1.080000000000000000e+02 8.210000000000000000e+02 8.220000000000000000e+02 8.450000000000000000e+02 8.550000000000000000e+02
-4.619109920938131456e+18 -4.618617339728887808e+18 -4.629278204471803904e+18 -4.617209964845334528e+18 -4.616435908659380224e+18
-4.620693217682128896e+18 -4.618300680380088320e+18 -4.618933999077687296e+18 -4.618265496007999488e+18 -4.617209964845334528e+18
-4.617491439822045184e+18 -4.618019205403377664e+18 -4.616172025868713984e+18 -4.616682199264002048e+18 -4.617632177310400512e+18
1.420000000000000000e+02 7.730000000000000000e+02 7.850000000000000000e+02 9.080000000000000000e+02 9.350000000000000000e+02
1.430000000000000000e+02 5.130000000000000000e+02 5.450000000000000000e+02 5.570000000000000000e+02 6.890000000000000000e+02
1.650000000000000000e+02 8.220000000000000000e+02 8.990000000000000000e+02 9.000000000000000000e+02 9.250000000000000000e+02
1.610000000000000000e+02 7.280000000000000000e+02 1.205000000000000000e+03 1.218000000000000000e+03 1.286000000000000000e+03
1.680000000000000000e+02 9.640000000000000000e+02 9.650000000000000000e+02 1.064000000000000000e+03 1.065000000000000000e+03
-4.619250658426486784e+18 -4.619321027170664448e+18 -4.619532133403197440e+18 -4.619637686519463936e+18 -4.619954345868263424e+18
1.860000000000000000e+02 8.970000000000000000e+02 8.980000000000000000e+02 9.100000000000000000e+02 9.160000000000000000e+02
1.970000000000000000e+02 8.380000000000000000e+02 8.390000000000000000e+02 9.020000000000000000e+02 9.100000000000000000e+02
2.000000000000000000e+02 6.110000000000000000e+02 6.950000000000000000e+02 6.960000000000000000e+02 7.240000000000000000e+02
2.060000000000000000e+02 7.690000000000000000e+02 7.700000000000000000e+02 7.810000000000000000e+02 7.880000000000000000e+02
2.120000000000000000e+02 5.890000000000000000e+02 8.830000000000000000e+02 8.970000000000000000e+02 1.055000000000000000e+03
2.250000000000000000e+02 7.040000000000000000e+02 9.350000000000000000e+02 9.450000000000000000e+02 1.000000000000000000e+03
2.250000000000000000e+02 6.480000000000000000e+02 6.710000000000000000e+02 7.430000000000000000e+02 7.440000000000000000e+02
2.300000000000000000e+02 6.690000000000000000e+02 6.820000000000000000e+02 1.035000000000000000e+03 1.059000000000000000e+03
2.330000000000000000e+02 7.860000000000000000e+02 9.160000000000000000e+02 9.360000000000000000e+02 9.700000000000000000e+02
2.350000000000000000e+02 5.450000000000000000e+02 6.490000000000000000e+02 6.770000000000000000e+02 6.910000000000000000e+02
2.440000000000000000e+02 5.720000000000000000e+02 5.840000000000000000e+02 5.910000000000000000e+02 6.390000000000000000e+02
2.370000000000000000e+02 5.290000000000000000e+02 5.300000000000000000e+02 5.310000000000000000e+02 5.500000000000000000e+02
3.110000000000000000e+02 6.290000000000000000e+02 7.210000000000000000e+02 8.430000000000000000e+02 8.440000000000000000e+02
3.050000000000000000e+02 5.100000000000000000e+02 5.140000000000000000e+02 5.150000000000000000e+02 5.210000000000000000e+02
3.250000000000000000e+02 8.030000000000000000e+02 8.920000000000000000e+02 9.070000000000000000e+02 9.080000000000000000e+02
-4.624774604844433408e+18 -4.625056079821144064e+18 -4.625337554797854720e+18 -4.625056079821144064e+18 -4.632233691727265792e+18
-4.628152304564961280e+18 -4.626181979727986688e+18 -4.626181979727986688e+18 -4.626744929681408000e+18 -4.627730092099895296e+18
-4.626041242239631360e+18 -4.632233691727265792e+18 -4.629137466983448576e+18 -4.629278204471803904e+18 -4.628011567076605952e+18
3.790000000000000000e+02 7.320000000000000000e+02 7.640000000000000000e+02 8.670000000000000000e+02 8.880000000000000000e+02
-4.628715254518382592e+18 -4.628574517030027264e+18 -4.628574517030027264e+18 -4.628574517030027264e+18 -4.629418941960159232e+18
-4.629278204471803904e+18 -4.628855992006737920e+18 -4.628574517030027264e+18 -4.628293042053316608e+18 -4.628433779541671936e+18
-4.628293042053316608e+18 -4.628433779541671936e+18 -4.628293042053316608e+18 -4.628152304564961280e+18 -4.628152304564961280e+18
-4.627026404658118656e+18 -4.627448617123184640e+18 -4.627730092099895296e+18 -4.628293042053316608e+18 -4.628574517030027264e+18
-4.628574517030027264e+18 -4.628011567076605952e+18 -4.627730092099895296e+18 -4.627870829588250624e+18 -4.627448617123184640e+18
-4.627870829588250624e+18 -4.627589354611539968e+18 -4.627870829588250624e+18 -4.627589354611539968e+18 -4.627026404658118656e+18
-4.626744929681408000e+18 -4.626885667169763328e+18 -4.627307879634829312e+18 -4.627589354611539968e+18 -4.627730092099895296e+18
-4.626885667169763328e+18 -4.626744929681408000e+18 -4.626744929681408000e+18 -4.626604192193052672e+18 -4.627026404658118656e+18
-4.627026404658118656e+18 -4.627448617123184640e+18 -4.627448617123184640e+18 -4.627026404658118656e+18 -4.626604192193052672e+18
-4.626604192193052672e+18 -4.627167142146473984e+18 -4.627730092099895296e+18 -4.627730092099895296e+18 -4.627870829588250624e+18
-4.627870829588250624e+18 -4.627870829588250624e+18 -4.628011567076605952e+18 -4.628293042053316608e+18 -4.628433779541671936e+18
-4.628715254518382592e+18 -4.628996729495093248e+18 -4.628433779541671936e+18 -4.628574517030027264e+18 -4.628293042053316608e+18
-4.628574517030027264e+18 -4.629418941960159232e+18 -4.629559679448514560e+18 -4.630544841867001856e+18 -4.629559679448514560e+18
-4.629559679448514560e+18 -4.629418941960159232e+18 -4.629700416936869888e+18 -4.629418941960159232e+18 -4.629278204471803904e+18
-4.629981891913580544e+18 -4.629981891913580544e+18 -4.629559679448514560e+18 -4.628996729495093248e+18 -4.629278204471803904e+18
-4.630544841867001856e+18 -4.630544841867001856e+18 -4.631670741773844480e+18 -4.631952216750555136e+18 -4.631389266797133824e+18
-4.630263366890291200e+18 -4.630263366890291200e+18 -4.629981891913580544e+18 -4.630544841867001856e+18 -4.630826316843712512e+18
-4.631107791820423168e+18 -4.630826316843712512e+18 -4.629981891913580544e+18 -4.629418941960159232e+18 -4.629278204471803904e+18
-4.630263366890291200e+18 -4.630544841867001856e+18 -4.631389266797133824e+18 -4.631389266797133824e+18 -4.630263366890291200e+18
1.940000000000000000e+02 4.850000000000000000e+02 4.920000000000000000e+02 4.950000000000000000e+02 6.530000000000000000e+02
1.940000000000000000e+02 6.940000000000000000e+02 6.950000000000000000e+02 7.020000000000000000e+02 7.160000000000000000e+02
1.980000000000000000e+02 6.150000000000000000e+02 7.290000000000000000e+02 7.440000000000000000e+02 1.041000000000000000e+03
1.920000000000000000e+02 7.320000000000000000e+02 7.620000000000000000e+02 8.600000000000000000e+02 8.750000000000000000e+02
1.850000000000000000e+02 4.850000000000000000e+02 5.170000000000000000e+02 5.180000000000000000e+02 5.300000000000000000e+02
-4.630826316843712512e+18 -4.633359591634108416e+18 -4.629559679448514560e+18 -4.632515166703976448e+18 -4.631670741773844480e+18
-4.629278204471803904e+18 -4.631670741773844480e+18 -4.632796641680687104e+18 -4.632796641680687104e+18 -4.632515166703976448e+18
-4.632515166703976448e+18 -4.631952216750555136e+18 -4.633078116657397760e+18 -4.631952216750555136e+18 -4.632796641680687104e+18
1.720000000000000000e+02 8.710000000000000000e+02 8.910000000000000000e+02 8.930000000000000000e+02 9.050000000000000000e+02
1.640000000000000000e+02 5.670000000000000000e+02 5.790000000000000000e+02 5.930000000000000000e+02 6.910000000000000000e+02
1.590000000000000000e+02 1.012000000000000000e+03 1.035000000000000000e+03 1.125000000000000000e+03 1.131000000000000000e+03
1.600000000000000000e+02 6.830000000000000000e+02 7.310000000000000000e+02 7.320000000000000000e+02 7.510000000000000000e+02
1.410000000000000000e+02 5.010000000000000000e+02 5.140000000000000000e+02 5.190000000000000000e+02 5.260000000000000000e+02
1.300000000000000000e+02 5.060000000000000000e+02 7.280000000000000000e+02 9.220000000000000000e+02 9.290000000000000000e+02
1.370000000000000000e+02 6.290000000000000000e+02 6.950000000000000000e+02 6.960000000000000000e+02 6.970000000000000000e+02
1.210000000000000000e+02 5.240000000000000000e+02 6.990000000000000000e+02 7.280000000000000000e+02 9.630000000000000000e+02
-4.633078116657397760e+18 -4.645463015632666624e+18 -4.637581716284768256e+18 -4.642085315912138752e+18 4.585790320570007552e+18
4.582412620849479680e+18 -4.642085315912138752e+18 -4.636455816377925632e+18 4.575657221408423936e+18 4.586916220476850176e+18
6.100000000000000000e+01 3.340000000000000000e+02 6.960000000000000000e+02 7.130000000000000000e+02 7.360000000000000000e+02
6.200000000000000000e+01 3.300000000000000000e+02 3.370000000000000000e+02 3.410000000000000000e+02 6.850000000000000000e+02
6.200000000000000000e+01 2.970000000000000000e+02 6.500000000000000000e+02 6.940000000000000000e+02 7.080000000000000000e+02
6.800000000000000000e+01 3.220000000000000000e+02 3.540000000000000000e+02 3.670000000000000000e+02 5.050000000000000000e+02
6.900000000000000000e+01 3.430000000000000000e+02 7.010000000000000000e+02 7.300000000000000000e+02 7.760000000000000000e+02
7.800000000000000000e+01 5.480000000000000000e+02 5.600000000000000000e+02 5.610000000000000000e+02 6.860000000000000000e+02
8.300000000000000000e+01 7.090000000000000000e+02 7.100000000000000000e+02 7.250000000000000000e+02 7.390000000000000000e+02
9.400000000000000000e+01 6.940000000000000000e+02 7.220000000000000000e+02 7.230000000000000000e+02 7.300000000000000000e+02
1.402344374948960000e+14 1.137027200000000000e+07 1.137056000000000000e+07 1.402344379950080000e+14 1.402344374942560000e+14
1.402344374942560000e+14 1.402344374937760000e+14 1.136972800000000000e+07 1.136966400000000000e+07 1.402344374939360000e+14
1.137020800000000000e+07 1.402344374934560000e+14 1.136889600000000000e+07 1.402344374948960000e+14 1.137027200000000000e+07
1.200000000000000000e+02 5.920000000000000000e+02 6.460000000000000000e+02 6.570000000000000000e+02 7.000000000000000000e+02
1.330000000000000000e+02 6.340000000000000000e+02 6.350000000000000000e+02 6.470000000000000000e+02 7.200000000000000000e+02
1.300000000000000000e+02 6.850000000000000000e+02 6.860000000000000000e+02 6.920000000000000000e+02 7.000000000000000000e+02
1.370000000000000000e+02 6.720000000000000000e+02 6.730000000000000000e+02 6.790000000000000000e+02 6.800000000000000000e+02
1.402344374937760000e+14 1.136880000000000000e+07 1.402344379950080000e+14 1.402344374940960000e+14 1.136928000000000000e+07
1.400000000000000000e+02 5.020000000000000000e+02 5.060000000000000000e+02 5.380000000000000000e+02 5.390000000000000000e+02
1.420000000000000000e+02 4.960000000000000000e+02 5.390000000000000000e+02 6.720000000000000000e+02 6.730000000000000000e+02
1.430000000000000000e+02 3.960000000000000000e+02 4.980000000000000000e+02 5.040000000000000000e+02 5.080000000000000000e+02
1.470000000000000000e+02 5.130000000000000000e+02 5.140000000000000000e+02 5.190000000000000000e+02 7.970000000000000000e+02
1.530000000000000000e+02 5.140000000000000000e+02 5.210000000000000000e+02 5.360000000000000000e+02 7.000000000000000000e+02
1.570000000000000000e+02 7.080000000000000000e+02 8.880000000000000000e+02 8.890000000000000000e+02 9.000000000000000000e+02
1.640000000000000000e+02 5.320000000000000000e+02 5.350000000000000000e+02 5.380000000000000000e+02 5.410000000000000000e+02
1.590000000000000000e+02 3.110000000000000000e+02 5.170000000000000000e+02 5.180000000000000000e+02 5.330000000000000000e+02
1.660000000000000000e+02 5.350000000000000000e+02 5.410000000000000000e+02 5.420000000000000000e+02 5.500000000000000000e+02
1.660000000000000000e+02 4.050000000000000000e+02 5.410000000000000000e+02 5.460000000000000000e+02 5.470000000000000000e+02
1.660000000000000000e+02 3.020000000000000000e+02 4.050000000000000000e+02 4.080000000000000000e+02 5.380000000000000000e+02
2.150000000000000000e+02 5.180000000000000000e+02 5.400000000000000000e+02 6.370000000000000000e+02 6.460000000000000000e+02
2.140000000000000000e+02 6.530000000000000000e+02 6.560000000000000000e+02 6.600000000000000000e+02 6.630000000000000000e+02
2.220000000000000000e+02 7.410000000000000000e+02 7.450000000000000000e+02 7.660000000000000000e+02 7.860000000000000000e+02
1.137177600000000000e+07 1.402344379950880000e+14 1.402344374934560000e+14 1.136889600000000000e+07 1.402344374948960000e+14
1.137027200000000000e+07 1.137056000000000000e+07 1.402344379950080000e+14 1.402344374942560000e+14 1.402344374934560000e+14
1.136892800000000000e+07 1.402344374939360000e+14 1.137196800000000000e+07 1.402344374939360000e+14 1.137094400000000000e+07
1.402344379950080000e+14 1.402344374952160000e+14 1.136908800000000000e+07 1.136873600000000000e+07 1.136876800000000000e+07
1.402344374934560000e+14 1.136892800000000000e+07 1.402344374939360000e+14 1.137017600000000000e+07 1.402344374939360000e+14
1.137011200000000000e+07 1.402344379950080000e+14 1.402344379950880000e+14 1.402344374934560000e+14 1.136889600000000000e+07
1.402344374948960000e+14 1.137027200000000000e+07 1.137056000000000000e+07 1.402344379950080000e+14 1.402344374950560000e+14
1.136924800000000000e+07 1.136873600000000000e+07 1.402344379941280000e+14 1.402344374952160000e+14 1.136892800000000000e+07
1.136873600000000000e+07 1.136876800000000000e+07 1.402344374939360000e+14 1.137177600000000000e+07 1.402344379950880000e+14
1.402344374934560000e+14 1.136889600000000000e+07 1.402344374948960000e+14 1.137027200000000000e+07 1.137056000000000000e+07
1.402344379950080000e+14 1.402344374942560000e+14 1.402344374937760000e+14 1.136880000000000000e+07 1.402344379950080000e+14
1.402344374940960000e+14 1.136921600000000000e+07 1.402344374934560000e+14 1.136892800000000000e+07 1.402344374939360000e+14
1.137212800000000000e+07 1.402344374939360000e+14 1.137110400000000000e+07 1.402344379950080000e+14 1.402344374937760000e+14
1.136880000000000000e+07 1.402344379950080000e+14 1.402344374940960000e+14 1.136915200000000000e+07 1.402344374937760000e+14
1.402341475573280000e+14 1.137600000000000000e+07 1.402344374940960000e+14 1.136937600000000000e+07 1.402344379960480000e+14
1.137347200000000000e+07 1.402344374940960000e+14 1.136944000000000000e+07 1.402344379960480000e+14 1.137059200000000000e+07
1.402344374934560000e+14 1.136889600000000000e+07 1.402344374948960000e+14 1.137027200000000000e+07 1.137056000000000000e+07
1.402344379950080000e+14 1.402344374950560000e+14 1.136924800000000000e+07 1.136873600000000000e+07 1.402344379941280000e+14
1.402344374952160000e+14 1.136892800000000000e+07 1.136873600000000000e+07 1.136876800000000000e+07 1.402344374939360000e+14
1.137177600000000000e+07 1.402344379950880000e+14 1.402344374934560000e+14 1.136889600000000000e+07 1.402344374948960000e+14
1.137027200000000000e+07 1.137056000000000000e+07 1.402344379950080000e+14 1.402344374942560000e+14 1.402344374939360000e+14
1.137020800000000000e+07 1.402344374950560000e+14 1.136960000000000000e+07 1.136873600000000000e+07 1.136876800000000000e+07
1.402344374934560000e+14 1.136889600000000000e+07 1.402344374948960000e+14 1.137027200000000000e+07 1.137056000000000000e+07
1.402344379950080000e+14 1.402344374950560000e+14 1.136924800000000000e+07 1.136873600000000000e+07 1.402344379941280000e+14
1.402344374952160000e+14 1.136892800000000000e+07 1.136873600000000000e+07 1.136876800000000000e+07 1.402344374939360000e+14
1.137177600000000000e+07 1.402344379950880000e+14 1.402344374934560000e+14 1.136889600000000000e+07 1.402344374948960000e+14
1.137027200000000000e+07 1.137056000000000000e+07 1.402344379950080000e+14 1.402344374942560000e+14 1.402344374942560000e+14
1.402344374937760000e+14 1.136972800000000000e+07 1.136966400000000000e+07 1.402344374939360000e+14 1.137020800000000000e+07
1.402344374934560000e+14 1.136889600000000000e+07 1.402344374948960000e+14 1.137027200000000000e+07 1.137056000000000000e+07
1.402344379950080000e+14 1.402344374950560000e+14 1.136924800000000000e+07 1.136873600000000000e+07 1.402344379941280000e+14
1.402344374952160000e+14 1.136892800000000000e+07 1.136873600000000000e+07 1.136876800000000000e+07 1.402344374939360000e+14
1.137177600000000000e+07 1.402344379950880000e+14 1.402344374934560000e+14 1.136889600000000000e+07 1.402344374948960000e+14
1.137027200000000000e+07 1.137056000000000000e+07 1.402344379950080000e+14 1.402344374942560000e+14 1.402344374937760000e+14
1.136880000000000000e+07 1.402344379950080000e+14 1.402344374940960000e+14 1.136947200000000000e+07 1.402344374950560000e+14
1.680000000000000000e+02 6.910000000000000000e+02 7.130000000000000000e+02 7.140000000000000000e+02 7.270000000000000000e+02
1.402344374934560000e+14 1.136892800000000000e+07 1.402344374939360000e+14 1.137196800000000000e+07 1.402344374939360000e+14
1.760000000000000000e+02 5.610000000000000000e+02 5.630000000000000000e+02 5.650000000000000000e+02 5.680000000000000000e+02
1.740000000000000000e+02 4.170000000000000000e+02 5.030000000000000000e+02 5.580000000000000000e+02 5.620000000000000000e+02
1.770000000000000000e+02 4.180000000000000000e+02 4.210000000000000000e+02 5.620000000000000000e+02 5.630000000000000000e+02
1.770000000000000000e+02 4.140000000000000000e+02 4.170000000000000000e+02 5.560000000000000000e+02 5.570000000000000000e+02
1.780000000000000000e+02 4.130000000000000000e+02 5.570000000000000000e+02 5.580000000000000000e+02 5.640000000000000000e+02
1.740000000000000000e+02 5.540000000000000000e+02 5.550000000000000000e+02 5.560000000000000000e+02 5.610000000000000000e+02
1.740000000000000000e+02 4.040000000000000000e+02 4.070000000000000000e+02 5.530000000000000000e+02 5.550000000000000000e+02
1.720000000000000000e+02 4.060000000000000000e+02 4.080000000000000000e+02 4.110000000000000000e+02 5.530000000000000000e+02
1.740000000000000000e+02 4.090000000000000000e+02 4.110000000000000000e+02 4.140000000000000000e+02 4.160000000000000000e+02
1.720000000000000000e+02 4.170000000000000000e+02 5.530000000000000000e+02 5.570000000000000000e+02 5.590000000000000000e+02
1.730000000000000000e+02 5.590000000000000000e+02 5.610000000000000000e+02 5.620000000000000000e+02 5.650000000000000000e+02
1.690000000000000000e+02 5.510000000000000000e+02 5.610000000000000000e+02 5.660000000000000000e+02 5.700000000000000000e+02
1.700000000000000000e+02 5.450000000000000000e+02 5.460000000000000000e+02 5.500000000000000000e+02 5.550000000000000000e+02
1.710000000000000000e+02 5.160000000000000000e+02 5.230000000000000000e+02 5.480000000000000000e+02 5.510000000000000000e+02
1.402344374939360000e+14 1.137196800000000000e+07 1.402344374939360000e+14 1.137094400000000000e+07 1.402344379950080000e+14
1.402344374952160000e+14 1.136908800000000000e+07 1.136873600000000000e+07 1.136876800000000000e+07 1.402344374934560000e+14
1.136892800000000000e+07 1.402344374939360000e+14 1.137017600000000000e+07 1.402344374939360000e+14 1.137011200000000000e+07
1.402344379950080000e+14 1.402344379950880000e+14 1.402344374934560000e+14 1.136889600000000000e+07 1.402344374948960000e+14
1.137027200000000000e+07 1.137056000000000000e+07 1.402344379950080000e+14 1.402344374950560000e+14 1.136924800000000000e+07
1.136873600000000000e+07 1.402344379941280000e+14 1.402344374952160000e+14 1.136892800000000000e+07 1.136873600000000000e+07
1.136876800000000000e+07 1.402344374939360000e+14 1.137177600000000000e+07 1.402344379950880000e+14 1.402344374934560000e+14
1.136889600000000000e+07 1.402344374948960000e+14 1.137027200000000000e+07 1.137056000000000000e+07 1.402344379950080000e+14
1.402344374942560000e+14 1.402344374937760000e+14 1.136880000000000000e+07 1.402344379950080000e+14 1.402344374940960000e+14
1.136940800000000000e+07 1.402344374937760000e+14 1.137379200000000000e+07 1.137372800000000000e+07 1.402344374940960000e+14
1.136956800000000000e+07 1.402344379960480000e+14 1.136988800000000000e+07 1.402344374939360000e+14 1.137027200000000000e+07
1.402344374934560000e+14 1.136892800000000000e+07 1.402344374939360000e+14 1.137257600000000000e+07 1.402344374939360000e+14
1.137155200000000000e+07 1.402344379950080000e+14 1.402344374950560000e+14 1.136944000000000000e+07 1.136876800000000000e+07
1.402344379941280000e+14 1.402344374952160000e+14 1.136892800000000000e+07 1.136873600000000000e+07 1.136876800000000000e+07
1.402344374939360000e+14 1.137177600000000000e+07 1.402344379950880000e+14 1.402344374934560000e+14 1.136908800000000000e+07
1.402344374928160000e+14 1.136873600000000000e+07 1.402341477294880000e+14 1.137276800000000000e+07 1.137276800000000000e+07
1.136873600000000000e+07 1.136873600000000000e+07 1.136873600000000000e+07 1.136873600000000000e+07 1.402344379950080000e+14
1.402344374942560000e+14 1.402344374937760000e+14 1.137235200000000000e+07 1.136969600000000000e+07 1.402344374939360000e+14
1.137027200000000000e+07 1.402344374934560000e+14 1.136892800000000000e+07 1.402344374939360000e+14 1.137187200000000000e+07
1.402344374939360000e+14 1.137084800000000000e+07 1.402344379950080000e+14 1.402344374950560000e+14 1.136924800000000000e+07
1.136876800000000000e+07 1.402344379941280000e+14 1.402344374952160000e+14 1.136892800000000000e+07 1.136873600000000000e+07
1.136876800000000000e+07 1.402344374939360000e+14 1.137177600000000000e+07 1.402344379950880000e+14 1.402344374934560000e+14
1.136889600000000000e+07 1.402344374948960000e+14 1.137027200000000000e+07 1.137030400000000000e+07 1.402344379950080000e+14
1.402344374942560000e+14 1.402344374937760000e+14 1.137139200000000000e+07 1.136969600000000000e+07 1.402344374939360000e+14
1.137027200000000000e+07 1.402344374934560000e+14 1.136892800000000000e+07 1.402344374939360000e+14 1.137228800000000000e+07
1.402344374939360000e+14 1.137126400000000000e+07 1.402344379950080000e+14 1.402344374950560000e+14 1.136924800000000000e+07
1.800000000000000000e+02 4.760000000000000000e+02 6.850000000000000000e+02 6.990000000000000000e+02 7.000000000000000000e+02
1.730000000000000000e+02 5.610000000000000000e+02 5.670000000000000000e+02 5.740000000000000000e+02 6.610000000000000000e+02
1.700000000000000000e+02 5.350000000000000000e+02 5.450000000000000000e+02 6.470000000000000000e+02 6.620000000000000000e+02
1.600000000000000000e+02 5.480000000000000000e+02 6.780000000000000000e+02 6.930000000000000000e+02 6.940000000000000000e+02
1.402344454846480000e+14 1.402344454846480000e+14 2.899368000000000000e+07 2.899368000000000000e+07 1.136912000000000000e+07
1.136873600000000000e+07 1.402344379941280000e+14 1.402344374952160000e+14 1.136892800000000000e+07 1.136873600000000000e+07
1.170000000000000000e+02 3.640000000000000000e+02 4.420000000000000000e+02 4.480000000000000000e+02 4.490000000000000000e+02
1.137027200000000000e+07 1.402344374942560000e+14 1.402344374937760000e+14 1.136966400000000000e+07 1.136960000000000000e+07
1.250000000000000000e+02 5.640000000000000000e+02 6.550000000000000000e+02 6.680000000000000000e+02 6.690000000000000000e+02
1.290000000000000000e+02 4.640000000000000000e+02 5.340000000000000000e+02 5.350000000000000000e+02 5.360000000000000000e+02
1.330000000000000000e+02 4.720000000000000000e+02 4.790000000000000000e+02 4.810000000000000000e+02 4.850000000000000000e+02
1.340000000000000000e+02 3.700000000000000000e+02 3.720000000000000000e+02 4.740000000000000000e+02 4.770000000000000000e+02
1.360000000000000000e+02 3.790000000000000000e+02 3.820000000000000000e+02 4.340000000000000000e+02 4.470000000000000000e+02
1.360000000000000000e+02 3.850000000000000000e+02 4.820000000000000000e+02 4.880000000000000000e+02 4.910000000000000000e+02
1.430000000000000000e+02 5.340000000000000000e+02 5.410000000000000000e+02 5.530000000000000000e+02 6.500000000000000000e+02
1.860000000000000000e+02 5.560000000000000000e+02 6.110000000000000000e+02 8.680000000000000000e+02 8.880000000000000000e+02
1.402344374940960000e+14 1.136963200000000000e+07 1.402344379960480000e+14 1.137212800000000000e+07 1.402344374940960000e+14
1.136969600000000000e+07 1.402344379960480000e+14 1.136918400000000000e+07 1.402344374939360000e+14 1.137008000000000000e+07
1.402344374939360000e+14 1.137008000000000000e+07 1.402344374952160000e+14 1.136892800000000000e+07 1.136873600000000000e+07
1.136876800000000000e+07 1.402344374939360000e+14 1.137068800000000000e+07 1.402344379950880000e+14 1.402344374937760000e+14
1.137145600000000000e+07 1.136918400000000000e+07 1.402344374939360000e+14 1.137072000000000000e+07 1.402344374939360000e+14
1.137072000000000000e+07 1.402344374952160000e+14 1.136892800000000000e+07 1.136873600000000000e+07 1.136876800000000000e+07
1.402344374939360000e+14 1.137068800000000000e+07 1.402344379950880000e+14 1.402344374937760000e+14 1.137100800000000000e+07
1.136918400000000000e+07 1.402344374939360000e+14 1.137065600000000000e+07 1.402344374939360000e+14 1.137065600000000000e+07
1.402344374952160000e+14 1.136892800000000000e+07 1.136873600000000000e+07 1.136876800000000000e+07 1.402344374939360000e+14
1.137068800000000000e+07 1.402344379950880000e+14 1.402344374937760000e+14 1.137056000000000000e+07 1.136896000000000000e+07
1.402344374939360000e+14 1.136979200000000000e+07 1.402344374939360000e+14 1.137068800000000000e+07 1.402344374937760000e+14
1.137033600000000000e+07 1.136918400000000000e+07 1.402344374939360000e+14 1.137024000000000000e+07 1.402344374939360000e+14
1.420000000000000000e+02 5.750000000000000000e+02 6.390000000000000000e+02 6.460000000000000000e+02 6.470000000000000000e+02
1.402344374939360000e+14 1.137068800000000000e+07 1.402344379950880000e+14 1.402344374937760000e+14 1.136988800000000000e+07
1.440000000000000000e+02 7.420000000000000000e+02 7.430000000000000000e+02 7.440000000000000000e+02 7.660000000000000000e+02
1.510000000000000000e+02 5.170000000000000000e+02 8.420000000000000000e+02 8.630000000000000000e+02 8.960000000000000000e+02
1.550000000000000000e+02 5.150000000000000000e+02 5.240000000000000000e+02 5.310000000000000000e+02 6.940000000000000000e+02
1.136873600000000000e+07 1.136873600000000000e+07 1.136873600000000000e+07 1.136873600000000000e+07 1.402344379950080000e+14
1.402344374952160000e+14 1.136892800000000000e+07 1.136873600000000000e+07 1.136876800000000000e+07 1.402344374939360000e+14
1.800000000000000000e+02 6.930000000000000000e+02 7.220000000000000000e+02 7.360000000000000000e+02 7.430000000000000000e+02
1.800000000000000000e+02 6.910000000000000000e+02 7.060000000000000000e+02 7.200000000000000000e+02 7.340000000000000000e+02
1.800000000000000000e+02 6.790000000000000000e+02 6.800000000000000000e+02 6.930000000000000000e+02 7.080000000000000000e+02
1.402344374934560000e+14 1.136908800000000000e+07 1.402344374928160000e+14 1.136873600000000000e+07 1.402341477295840000e+14
1.920000000000000000e+02 5.950000000000000000e+02 6.810000000000000000e+02 7.090000000000000000e+02 7.380000000000000000e+02
2.040000000000000000e+02 4.110000000000000000e+02 6.660000000000000000e+02 6.670000000000000000e+02 6.800000000000000000e+02
1.402344374940960000e+14 1.136976000000000000e+07 1.402344379960480000e+14 1.136912000000000000e+07 1.402344374952160000e+14
1.980000000000000000e+02 6.130000000000000000e+02 7.110000000000000000e+02 7.130000000000000000e+02 7.390000000000000000e+02
1.990000000000000000e+02 4.230000000000000000e+02 4.260000000000000000e+02 4.280000000000000000e+02 5.080000000000000000e+02
1.980000000000000000e+02 4.400000000000000000e+02 4.420000000000000000e+02 4.430000000000000000e+02 4.450000000000000000e+02
1.980000000000000000e+02 4.320000000000000000e+02 4.350000000000000000e+02 4.370000000000000000e+02 4.400000000000000000e+02
2.020000000000000000e+02 4.370000000000000000e+02 4.390000000000000000e+02 5.340000000000000000e+02 5.350000000000000000e+02
1.900000000000000000e+02 4.410000000000000000e+02 4.490000000000000000e+02 5.990000000000000000e+02 6.010000000000000000e+02
1.950000000000000000e+02 4.920000000000000000e+02 4.930000000000000000e+02 5.050000000000000000e+02 6.130000000000000000e+02
1.980000000000000000e+02 6.130000000000000000e+02 6.150000000000000000e+02 6.540000000000000000e+02 6.550000000000000000e+02
1.970000000000000000e+02 5.880000000000000000e+02 7.120000000000000000e+02 8.420000000000000000e+02 9.590000000000000000e+02
2.000000000000000000e+02 7.050000000000000000e+02 7.200000000000000000e+02 7.260000000000000000e+02 7.340000000000000000e+02
1.980000000000000000e+02 7.000000000000000000e+02 9.930000000000000000e+02 1.003000000000000000e+03 1.025000000000000000e+03
1.960000000000000000e+02 5.920000000000000000e+02 6.900000000000000000e+02 7.050000000000000000e+02 7.060000000000000000e+02
1.850000000000000000e+02 7.530000000000000000e+02 8.780000000000000000e+02 8.790000000000000000e+02 8.910000000000000000e+02
1.860000000000000000e+02 7.520000000000000000e+02 8.080000000000000000e+02 8.440000000000000000e+02 8.520000000000000000e+02
1.402344374939360000e+14 1.137136000000000000e+07 1.402344374937760000e+14 1.137305600000000000e+07 1.136896000000000000e+07
1.840000000000000000e+02 5.870000000000000000e+02 8.130000000000000000e+02 8.430000000000000000e+02 8.550000000000000000e+02
1.780000000000000000e+02 4.780000000000000000e+02 4.900000000000000000e+02 4.910000000000000000e+02 5.780000000000000000e+02
1.780000000000000000e+02 4.760000000000000000e+02 5.600000000000000000e+02 6.590000000000000000e+02 6.600000000000000000e+02
1.850000000000000000e+02 5.560000000000000000e+02 6.860000000000000000e+02 6.930000000000000000e+02 6.990000000000000000e+02
1.780000000000000000e+02 5.030000000000000000e+02 6.450000000000000000e+02 6.870000000000000000e+02 6.920000000000000000e+02
1.720000000000000000e+02 6.380000000000000000e+02 6.520000000000000000e+02 6.790000000000000000e+02 6.800000000000000000e+02
1.520000000000000000e+02 3.220000000000000000e+02 5.280000000000000000e+02 6.850000000000000000e+02 6.990000000000000000e+02
1.500000000000000000e+02 4.130000000000000000e+02 5.220000000000000000e+02 6.880000000000000000e+02 6.900000000000000000e+02
1.560000000000000000e+02 4.960000000000000000e+02 5.230000000000000000e+02 5.240000000000000000e+02 5.520000000000000000e+02
1.480000000000000000e+02 6.840000000000000000e+02 7.120000000000000000e+02 7.130000000000000000e+02 7.140000000000000000e+02
1.320000000000000000e+02 4.950000000000000000e+02 5.360000000000000000e+02 5.380000000000000000e+02 5.680000000000000000e+02
1.420000000000000000e+02 6.600000000000000000e+02 7.120000000000000000e+02 7.130000000000000000e+02 7.270000000000000000e+02
1.260000000000000000e+02 6.380000000000000000e+02 6.550000000000000000e+02 6.680000000000000000e+02 6.690000000000000000e+02
1.100000000000000000e+02 4.340000000000000000e+02 6.500000000000000000e+02 6.920000000000000000e+02 6.930000000000000000e+02
1.136896000000000000e+07 1.402344374939360000e+14 1.137200000000000000e+07 1.402344374939360000e+14 1.137238400000000000e+07
1.230000000000000000e+02 5.110000000000000000e+02 5.200000000000000000e+02 5.260000000000000000e+02 6.830000000000000000e+02
1.402344374939360000e+14 1.137136000000000000e+07 1.402344374937760000e+14 1.137033600000000000e+07 1.136896000000000000e+07
1.360000000000000000e+02 6.850000000000000000e+02 6.980000000000000000e+02 7.120000000000000000e+02 7.180000000000000000e+02
1.360000000000000000e+02 4.940000000000000000e+02 5.360000000000000000e+02 5.490000000000000000e+02 5.550000000000000000e+02
1.660000000000000000e+02 4.650000000000000000e+02 5.080000000000000000e+02 5.150000000000000000e+02 5.240000000000000000e+02
1.137097600000000000e+07 1.402344374939360000e+14 1.137238400000000000e+07 1.402344374937760000e+14 1.136966400000000000e+07
1.890000000000000000e+02 5.000000000000000000e+02 5.200000000000000000e+02 5.230000000000000000e+02 5.270000000000000000e+02
2.080000000000000000e+02 5.220000000000000000e+02 5.290000000000000000e+02 5.780000000000000000e+02 6.300000000000000000e+02
1.402344374937760000e+14 1.136928000000000000e+07 1.136889600000000000e+07 1.402344374939360000e+14 1.137097600000000000e+07
2.530000000000000000e+02 7.280000000000000000e+02 7.770000000000000000e+02 8.080000000000000000e+02 8.090000000000000000e+02
2.470000000000000000e+02 6.740000000000000000e+02 7.030000000000000000e+02 7.110000000000000000e+02 7.170000000000000000e+02
2.650000000000000000e+02 6.350000000000000000e+02 6.870000000000000000e+02 6.930000000000000000e+02 7.010000000000000000e+02
2.660000000000000000e+02 4.960000000000000000e+02 4.980000000000000000e+02 6.900000000000000000e+02 7.180000000000000000e+02
2.760000000000000000e+02 5.150000000000000000e+02 5.170000000000000000e+02 5.220000000000000000e+02 6.810000000000000000e+02
2.800000000000000000e+02 5.160000000000000000e+02 5.210000000000000000e+02 5.230000000000000000e+02 6.940000000000000000e+02
2.980000000000000000e+02 5.210000000000000000e+02 5.290000000000000000e+02 5.650000000000000000e+02 6.960000000000000000e+02
3.060000000000000000e+02 4.620000000000000000e+02 5.280000000000000000e+02 5.440000000000000000e+02 7.100000000000000000e+02
3.130000000000000000e+02 5.210000000000000000e+02 5.470000000000000000e+02 6.560000000000000000e+02 6.820000000000000000e+02
3.180000000000000000e+02 4.720000000000000000e+02 5.600000000000000000e+02 5.620000000000000000e+02 6.570000000000000000e+02
1.402341477298080000e+14 1.137283200000000000e+07 1.402341477298720000e+14 1.136873600000000000e+07 1.136873600000000000e+07
3.440000000000000000e+02 5.030000000000000000e+02 5.040000000000000000e+02 5.240000000000000000e+02 5.250000000000000000e+02
3.520000000000000000e+02 6.140000000000000000e+02 6.150000000000000000e+02 6.870000000000000000e+02 6.880000000000000000e+02
1.402344374939360000e+14 1.136998400000000000e+07 1.402344374937760000e+14 1.136924800000000000e+07 1.136918400000000000e+07
3.630000000000000000e+02 5.410000000000000000e+02 5.690000000000000000e+02 6.960000000000000000e+02 7.020000000000000000e+02
1.136876800000000000e+07 1.402344374939360000e+14 1.136915200000000000e+07 1.402344379950880000e+14 1.402344374939360000e+14
1.136905600000000000e+07 1.402344374937760000e+14 1.136880000000000000e+07 1.402344379950080000e+14 1.402344374940960000e+14
1.136998400000000000e+07 1.402344374937760000e+14 1.137632000000000000e+07 1.137625600000000000e+07 1.402344374940960000e+14
1.137001600000000000e+07 1.402344379960480000e+14 1.136883200000000000e+07 1.402344374937760000e+14 1.137366400000000000e+07
1.136896000000000000e+07 1.402344374939360000e+14 1.137238400000000000e+07 1.402344374939360000e+14 1.137097600000000000e+07
1.402344374937760000e+14 1.137344000000000000e+07 1.136889600000000000e+07 1.402344374939360000e+14 1.137084800000000000e+07
1.402344374937760000e+14 1.137328000000000000e+07 1.136896000000000000e+07 1.402344374939360000e+14 1.137187200000000000e+07
9.700000000000000000e+01 5.460000000000000000e+02 5.780000000000000000e+02 6.720000000000000000e+02 6.790000000000000000e+02
1.180000000000000000e+02 5.160000000000000000e+02 5.170000000000000000e+02 5.290000000000000000e+02 6.700000000000000000e+02
1.137283200000000000e+07 1.136889600000000000e+07 1.402344374939360000e+14 1.137248000000000000e+07 1.402344374937760000e+14
1.137267200000000000e+07 1.136889600000000000e+07 1.402344374939360000e+14 1.137136000000000000e+07 1.402344374937760000e+14
1.410000000000000000e+02 5.000000000000000000e+02 5.010000000000000000e+02 5.130000000000000000e+02 6.220000000000000000e+02
1.590000000000000000e+02 5.510000000000000000e+02 5.640000000000000000e+02 6.790000000000000000e+02 6.800000000000000000e+02
1.610000000000000000e+02 4.940000000000000000e+02 5.250000000000000000e+02 5.260000000000000000e+02 5.380000000000000000e+02
1.660000000000000000e+02 5.500000000000000000e+02 5.540000000000000000e+02 5.590000000000000000e+02 5.650000000000000000e+02
1.136896000000000000e+07 1.402344374939360000e+14 1.137136000000000000e+07 1.402344374939360000e+14 1.137200000000000000e+07
1.890000000000000000e+02 5.170000000000000000e+02 5.230000000000000000e+02 5.240000000000000000e+02 5.300000000000000000e+02
1.920000000000000000e+02 4.950000000000000000e+02 5.150000000000000000e+02 5.160000000000000000e+02 5.220000000000000000e+02
1.960000000000000000e+02 6.080000000000000000e+02 6.950000000000000000e+02 7.090000000000000000e+02 7.240000000000000000e+02
2.020000000000000000e+02 6.280000000000000000e+02 7.240000000000000000e+02 7.370000000000000000e+02 8.920000000000000000e+02
2.080000000000000000e+02 6.260000000000000000e+02 6.330000000000000000e+02 6.800000000000000000e+02 6.880000000000000000e+02
2.210000000000000000e+02 6.560000000000000000e+02 6.680000000000000000e+02 6.780000000000000000e+02 6.890000000000000000e+02
2.210000000000000000e+02 6.390000000000000000e+02 6.710000000000000000e+02 7.290000000000000000e+02 7.300000000000000000e+02
2.210000000000000000e+02 3.640000000000000000e+02 4.190000000000000000e+02 4.200000000000000000e+02 6.600000000000000000e+02
2.250000000000000000e+02 5.630000000000000000e+02 5.760000000000000000e+02 6.620000000000000000e+02 6.670000000000000000e+02
2.350000000000000000e+02 6.220000000000000000e+02 6.790000000000000000e+02 6.930000000000000000e+02 6.940000000000000000e+02
2.360000000000000000e+02 6.800000000000000000e+02 6.870000000000000000e+02 6.890000000000000000e+02 6.960000000000000000e+02
2.390000000000000000e+02 4.760000000000000000e+02 5.230000000000000000e+02 5.240000000000000000e+02 5.310000000000000000e+02
3.060000000000000000e+02 5.270000000000000000e+02 5.420000000000000000e+02 5.480000000000000000e+02 5.770000000000000000e+02
3.140000000000000000e+02 5.640000000000000000e+02 6.780000000000000000e+02 6.790000000000000000e+02 6.840000000000000000e+02
3.250000000000000000e+02 4.830000000000000000e+02 5.600000000000000000e+02 6.210000000000000000e+02 6.350000000000000000e+02
1.402344374937760000e+14 1.136928000000000000e+07 1.136889600000000000e+07 1.402344374939360000e+14 1.137097600000000000e+07
1.402344374937760000e+14 1.136912000000000000e+07 1.136889600000000000e+07 1.402344374939360000e+14 1.137145600000000000e+07
1.402344374937760000e+14 1.136896000000000000e+07 1.136889600000000000e+07 1.402344374939360000e+14 1.137187200000000000e+07
1.402344374937760000e+14 1.136880000000000000e+07 1.402344379950080000e+14 1.402344374940960000e+14 1.137004800000000000e+07
1.402344374939360000e+14 1.136982400000000000e+07 1.402344374952160000e+14 1.136928000000000000e+07 1.136873600000000000e+07
1.402344379941280000e+14 1.402344374934560000e+14 1.136912000000000000e+07 1.402344374947360000e+14 1.402344374928160000e+14
1.402341477299360000e+14 1.136886400000000000e+07 1.402341477300000000e+14 1.136873600000000000e+07 1.136873600000000000e+07
1.136873600000000000e+07 1.136873600000000000e+07 1.136873600000000000e+07 1.402344379950080000e+14 1.402344379950880000e+14
1.402344374950560000e+14 1.136950400000000000e+07 1.136873600000000000e+07 1.402344379941280000e+14 1.402344374939360000e+14
1.137168000000000000e+07 1.402344379952480000e+14 1.402344374952160000e+14 1.136928000000000000e+07 1.136873600000000000e+07
1.402344379941280000e+14 1.402344374934560000e+14 1.136912000000000000e+07 1.402344374947360000e+14 1.402344374928160000e+14
1.402341477300320000e+14 1.136886400000000000e+07 1.402341477300640000e+14 1.136873600000000000e+07 1.136873600000000000e+07
1.136873600000000000e+07 1.136873600000000000e+07 1.136873600000000000e+07 1.402344379950080000e+14 1.402344379950880000e+14
1.402344374942560000e+14 1.402344374940960000e+14 1.137008000000000000e+07 1.402344379960480000e+14 1.136889600000000000e+07
1.402344374939360000e+14 1.136982400000000000e+07 1.402344374937760000e+14 1.136924800000000000e+07 1.136918400000000000e+07
1.402344374939360000e+14 1.137168000000000000e+07 1.402344374952160000e+14 1.136892800000000000e+07 1.136873600000000000e+07
1.136876800000000000e+07 1.402344374939360000e+14 1.136915200000000000e+07 1.402344379950880000e+14 1.402344374939360000e+14
1.136905600000000000e+07 1.402344374937760000e+14 1.136880000000000000e+07 1.402344379950080000e+14 1.402344374940960000e+14
1.137011200000000000e+07 1.402344374937760000e+14 1.136880000000000000e+07 1.402344379950080000e+14 1.402344374940960000e+14
1.136985600000000000e+07 1.402344374937760000e+14 1.136921600000000000e+07 1.136915200000000000e+07 1.402344374952160000e+14
1.136902400000000000e+07 1.136876800000000000e+07 1.402344379941280000e+14 1.402344374934560000e+14 1.136886400000000000e+07
1.402344379963680000e+14 1.402344374998720000e+14 1.402344379950080000e+14 1.402344379950880000e+14 1.402344374937760000e+14
1.960000000000000000e+02 4.580000000000000000e+02 4.630000000000000000e+02 4.680000000000000000e+02 4.700000000000000000e+02
1.940000000000000000e+02 4.850000000000000000e+02 4.920000000000000000e+02 4.950000000000000000e+02 4.990000000000000000e+02
1.940000000000000000e+02 6.120000000000000000e+02 7.060000000000000000e+02 7.070000000000000000e+02 7.350000000000000000e+02
1.980000000000000000e+02 6.010000000000000000e+02 6.080000000000000000e+02 6.180000000000000000e+02 7.100000000000000000e+02
1.910000000000000000e+02 4.980000000000000000e+02 5.120000000000000000e+02 5.400000000000000000e+02 5.920000000000000000e+02
1.850000000000000000e+02 7.240000000000000000e+02 7.410000000000000000e+02 7.540000000000000000e+02 7.640000000000000000e+02
7.162247751541981184e+18 1.134349600000000000e+07 1.402341545065600000e+14 8.007528174734802944e+18 1.134457600000000000e+07
1.402341475898160000e+14 6.998719642000687104e+18 1.134425600000000000e+07 1.402341475671520000e+14 7.164771135022694400e+18
1.134421600000000000e+07 1.402341475671040000e+14 8.214565720323784704e+18 1.134417600000000000e+07 1.402341475670560000e+14
