1.240000000000000000e+02
1.190000000000000000e+02
1.370000000000000000e+02
1.630000000000000000e+02
1.790000000000000000e+02
1.980000000000000000e+02
2.100000000000000000e+02
2.110000000000000000e+02
2.300000000000000000e+02
2.550000000000000000e+02
2.650000000000000000e+02
2.750000000000000000e+02
2.890000000000000000e+02
2.850000000000000000e+02
2.910000000000000000e+02
3.100000000000000000e+02
3.180000000000000000e+02
3.290000000000000000e+02
3.320000000000000000e+02
3.450000000000000000e+02
3.460000000000000000e+02
3.620000000000000000e+02
3.630000000000000000e+02
3.620000000000000000e+02
3.640000000000000000e+02
3.720000000000000000e+02
3.760000000000000000e+02
1.050000000000000000e+02
8.810000000000000000e+02
8.700000000000000000e+01
1.080000000000000000e+02
1.190000000000000000e+02
1.360000000000000000e+02
1.430000000000000000e+02
1.420000000000000000e+02
1.570000000000000000e+02
1.650000000000000000e+02
1.740000000000000000e+02
1.750000000000000000e+02
1.940000000000000000e+02
1.910000000000000000e+02
1.970000000000000000e+02
2.000000000000000000e+02
2.080000000000000000e+02
2.190000000000000000e+02
2.250000000000000000e+02
2.320000000000000000e+02
2.390000000000000000e+02
2.350000000000000000e+02
2.420000000000000000e+02
2.440000000000000000e+02
2.440000000000000000e+02
3.110000000000000000e+02
3.120000000000000000e+02
3.250000000000000000e+02
3.380000000000000000e+02
3.480000000000000000e+02
3.880000000000000000e+02
3.860000000000000000e+02
3.800000000000000000e+02
1.099000000000000000e+03
1.110000000000000000e+03
1.102000000000000000e+03
1.116000000000000000e+03
1.120000000000000000e+03
1.134000000000000000e+03
1.112000000000000000e+03
1.113000000000000000e+03
1.108000000000000000e+03
1.125000000000000000e+03
1.116000000000000000e+03
1.117000000000000000e+03
1.118000000000000000e+03
1.134000000000000000e+03
1.132000000000000000e+03
1.132000000000000000e+03
2.660000000000000000e+02
2.060000000000000000e+02
1.940000000000000000e+02
2.030000000000000000e+02
2.050000000000000000e+02
1.990000000000000000e+02
1.920000000000000000e+02
1.950000000000000000e+02
1.950000000000000000e+02
1.740000000000000000e+02
1.720000000000000000e+02
1.640000000000000000e+02
1.660000000000000000e+02
1.600000000000000000e+02
1.610000000000000000e+02
1.300000000000000000e+02
1.370000000000000000e+02
1.330000000000000000e+02
1.210000000000000000e+02
1.121000000000000000e+03
6.100000000000000000e+01
6.900000000000000000e+01
6.200000000000000000e+01
6.800000000000000000e+01
6.900000000000000000e+01
8.100000000000000000e+01
8.700000000000000000e+01
9.400000000000000000e+01
9.900000000000000000e+01
9.500000000000000000e+01
1.170000000000000000e+02
1.200000000000000000e+02
1.330000000000000000e+02
1.300000000000000000e+02
1.370000000000000000e+02
1.580000000000000000e+02
1.500000000000000000e+02
1.420000000000000000e+02
1.520000000000000000e+02
1.560000000000000000e+02
1.620000000000000000e+02
1.720000000000000000e+02
1.640000000000000000e+02
1.620000000000000000e+02
1.660000000000000000e+02
1.780000000000000000e+02
1.690000000000000000e+02
2.150000000000000000e+02
2.210000000000000000e+02
2.220000000000000000e+02
9.570000000000000000e+02
9.580000000000000000e+02
9.450000000000000000e+02
9.430000000000000000e+02
9.430000000000000000e+02
9.430000000000000000e+02
9.460000000000000000e+02
9.460000000000000000e+02
9.470000000000000000e+02
9.450000000000000000e+02
9.490000000000000000e+02
9.470000000000000000e+02
1.160000000000000000e+03
9.600000000000000000e+02
1.064000000000000000e+03
1.074000000000000000e+03
1.072000000000000000e+03
1.073000000000000000e+03
1.075000000000000000e+03
1.076000000000000000e+03
1.077000000000000000e+03
1.012000000000000000e+03
1.013000000000000000e+03
1.016000000000000000e+03
1.014000000000000000e+03
1.014000000000000000e+03
1.008000000000000000e+03
1.017000000000000000e+03
1.017000000000000000e+03
9.930000000000000000e+02
1.077000000000000000e+03
3.280000000000000000e+02
3.220000000000000000e+02
7.780000000000000000e+02
1.840000000000000000e+02
1.810000000000000000e+02
1.760000000000000000e+02
1.870000000000000000e+02
1.870000000000000000e+02
1.770000000000000000e+02
1.780000000000000000e+02
1.770000000000000000e+02
1.770000000000000000e+02
1.740000000000000000e+02
1.790000000000000000e+02
1.790000000000000000e+02
1.760000000000000000e+02
1.740000000000000000e+02
1.720000000000000000e+02
1.710000000000000000e+02
1.850000000000000000e+02
2.380000000000000000e+02
1.095000000000000000e+03
3.320000000000000000e+02
3.330000000000000000e+02
3.360000000000000000e+02
9.580000000000000000e+02
9.820000000000000000e+02
9.820000000000000000e+02
9.750000000000000000e+02
9.780000000000000000e+02
9.790000000000000000e+02
8.980000000000000000e+02
9.740000000000000000e+02
9.890000000000000000e+02
8.330000000000000000e+02
1.374000000000000000e+03
9.870000000000000000e+02
9.660000000000000000e+02
8.780000000000000000e+02
8.640000000000000000e+02
1.048000000000000000e+03
1.145000000000000000e+03
7.380000000000000000e+02
7.730000000000000000e+02
3.000000000000000000e+00
1.870000000000000000e+02
1.760000000000000000e+02
1.700000000000000000e+02
1.600000000000000000e+02
1.380000000000000000e+02
1.270000000000000000e+02
1.240000000000000000e+02
1.240000000000000000e+02
1.270000000000000000e+02
1.380000000000000000e+02
1.400000000000000000e+02
1.370000000000000000e+02
1.360000000000000000e+02
1.430000000000000000e+02
1.700000000000000000e+02
1.860000000000000000e+02
2.300000000000000000e+02
2.370000000000000000e+02
9.420000000000000000e+02
9.960000000000000000e+02
9.510000000000000000e+02
9.490000000000000000e+02
9.950000000000000000e+02
1.133000000000000000e+03
9.400000000000000000e+01
9.900000000000000000e+01
1.110000000000000000e+02
1.300000000000000000e+02
1.420000000000000000e+02
1.440000000000000000e+02
1.510000000000000000e+02
1.600000000000000000e+02
1.670000000000000000e+02
1.740000000000000000e+02
1.750000000000000000e+02
1.800000000000000000e+02
1.890000000000000000e+02
1.800000000000000000e+02
1.910000000000000000e+02
2.010000000000000000e+02
2.040000000000000000e+02
2.160000000000000000e+02
2.040000000000000000e+02
2.040000000000000000e+02
2.050000000000000000e+02
2.010000000000000000e+02
2.090000000000000000e+02
2.050000000000000000e+02
2.000000000000000000e+02
2.050000000000000000e+02
1.990000000000000000e+02
2.070000000000000000e+02
1.980000000000000000e+02
1.960000000000000000e+02
1.850000000000000000e+02
1.950000000000000000e+02
2.000000000000000000e+02
1.840000000000000000e+02
1.850000000000000000e+02
1.780000000000000000e+02
1.850000000000000000e+02
1.780000000000000000e+02
1.720000000000000000e+02
1.610000000000000000e+02
1.500000000000000000e+02
1.610000000000000000e+02
1.480000000000000000e+02
1.480000000000000000e+02
1.420000000000000000e+02
1.330000000000000000e+02
1.240000000000000000e+02
1.050000000000000000e+02
1.230000000000000000e+02
1.230000000000000000e+02
1.360000000000000000e+02
1.360000000000000000e+02
1.660000000000000000e+02
1.670000000000000000e+02
1.910000000000000000e+02
2.080000000000000000e+02
2.340000000000000000e+02
2.530000000000000000e+02
2.540000000000000000e+02
2.650000000000000000e+02
2.660000000000000000e+02
2.820000000000000000e+02
2.940000000000000000e+02
3.050000000000000000e+02
3.080000000000000000e+02
3.260000000000000000e+02
3.270000000000000000e+02
3.280000000000000000e+02
3.440000000000000000e+02
3.520000000000000000e+02
3.530000000000000000e+02
3.630000000000000000e+02
3.610000000000000000e+02
3.750000000000000000e+02
3.700000000000000000e+02
1.045000000000000000e+03
8.300000000000000000e+01
8.400000000000000000e+01
7.400000000000000000e+01
9.700000000000000000e+01
1.180000000000000000e+02
1.320000000000000000e+02
1.340000000000000000e+02
1.480000000000000000e+02
1.590000000000000000e+02
1.610000000000000000e+02
1.660000000000000000e+02
1.920000000000000000e+02
1.890000000000000000e+02
1.950000000000000000e+02
2.010000000000000000e+02
2.140000000000000000e+02
2.100000000000000000e+02
2.230000000000000000e+02
2.300000000000000000e+02
2.390000000000000000e+02
2.350000000000000000e+02
2.350000000000000000e+02
2.430000000000000000e+02
2.480000000000000000e+02
3.130000000000000000e+02
3.140000000000000000e+02
3.250000000000000000e+02
3.280000000000000000e+02
3.490000000000000000e+02
3.850000000000000000e+02
3.860000000000000000e+02
3.900000000000000000e+02
1.140000000000000000e+03
1.100000000000000000e+03
1.144000000000000000e+03
1.116000000000000000e+03
1.119000000000000000e+03
1.111000000000000000e+03
1.112000000000000000e+03
1.113000000000000000e+03
1.113000000000000000e+03
1.123000000000000000e+03
1.124000000000000000e+03
1.122000000000000000e+03
1.123000000000000000e+03
1.090000000000000000e+03
1.133000000000000000e+03
2.550000000000000000e+02
2.650000000000000000e+02
1.960000000000000000e+02
1.940000000000000000e+02
2.030000000000000000e+02
1.980000000000000000e+02
1.910000000000000000e+02
1.940000000000000000e+02
